patientunitstayid,hospitalid,y_true,ethnicity,gender,age_group,insurance,language,region,lab_creatinine,lab_sodium,lab_glucose,lab_potassium,vital_heartrate,vital_sao2,vital_respiration,apachescore
141764,59,0,Caucasian,Female,over_65,Unknown,Unknown,Midwest,,,,,104.0,,,
141765,59,0,Caucasian,Female,over_65,Unknown,Unknown,Midwest,1.04,139.0,79.0,4.1,86.0,97.0,24.0,47.0
143870,68,0,Caucasian,Male,over_65,Unknown,Unknown,Midwest,1.015,136.0,131.5,4.4,46.0,96.0,67.0,60.0
144815,56,0,Caucasian,Female,under_45,Unknown,Unknown,Midwest,0.69,141.0,90.5,3.75,82.0,99.0,17.0,25.0
145427,68,0,Caucasian,Male,45_65,Unknown,Unknown,Midwest,1.12,139.5,128.5,4.35,64.0,96.0,16.0,37.0
147306,63,0,Caucasian,Female,45_65,Unknown,Unknown,Midwest,0.65,,,,76.0,96.0,,
147307,63,0,Caucasian,Female,45_65,Unknown,Unknown,Midwest,0.64,138.0,75.0,4.4,86.0,94.0,20.0,20.0
147784,67,0,Hispanic,Female,45_65,Unknown,Unknown,Midwest,0.64,142.0,144.0,4.3,91.0,96.0,26.0,64.0
148611,61,0,Caucasian,Male,under_45,Unknown,Unknown,Midwest,0.92,142.0,94.0,3.6,79.0,96.0,22.0,16.0
149432,68,0,Caucasian,Female,under_45,Unknown,Unknown,Midwest,0.6,143.0,99.0,3.6,95.0,98.0,,
149433,68,0,Caucasian,Female,under_45,Unknown,Unknown,Midwest,0.74,142.0,122.0,3.5,98.0,98.0,,
149713,60,0,Caucasian,Female,over_65,Unknown,Unknown,Midwest,0.6799999999999999,133.5,98.0,4.2,72.0,93.0,31.0,57.0
149714,60,0,Caucasian,Female,over_65,Unknown,Unknown,Midwest,0.635,132.5,113.5,4.3,68.0,94.0,30.0,
151179,66,1,Caucasian,Female,45_65,Unknown,Unknown,Midwest,1.15,147.0,102.5,3.5,93.0,96.0,25.0,141.0
151867,68,0,Caucasian,Male,under_45,Unknown,Unknown,Midwest,1.0750000000000002,135.0,106.5,4.1,94.0,97.0,23.0,14.0
151900,73,0,Caucasian,Female,over_65,Unknown,Unknown,Midwest,0.86,135.0,121.0,3.65,88.0,99.0,17.0,68.0
152954,71,0,Caucasian,Female,under_45,Unknown,Unknown,Midwest,0.7,139.0,146.0,3.9,80.0,97.0,23.0,
153972,59,0,Caucasian,Male,45_65,Unknown,Unknown,Midwest,1.12,137.5,137.0,4.15,80.0,96.0,14.5,35.0
155961,56,0,Caucasian,Female,45_65,Unknown,Unknown,Midwest,0.8,141.0,117.0,3.6,82.0,96.0,17.0,31.0
156308,60,0,Caucasian,Male,over_65,Unknown,Unknown,Midwest,1.3,147.0,203.0,4.45,88.0,95.0,22.0,75.0
156906,58,0,Caucasian,Female,45_65,Unknown,Unknown,Midwest,0.8,140.5,127.0,4.15,82.0,93.0,21.0,18.0
157016,63,0,Caucasian,Female,under_45,Unknown,Unknown,Midwest,0.61,140.0,86.0,4.0,88.0,98.0,26.0,29.0
157427,56,0,Caucasian,Male,over_65,Unknown,Unknown,Midwest,1.46,137.5,106.0,4.15,56.0,97.0,,34.0
158056,60,0,Caucasian,Male,under_45,Unknown,Unknown,Midwest,1.2000000000000002,140.0,143.5,3.85,76.0,96.0,,19.0
158057,60,0,Caucasian,Male,under_45,Unknown,Unknown,Midwest,1.05,,,,72.0,,,
158905,63,0,Caucasian,Female,45_65,Unknown,Unknown,Midwest,,,,,,,,
158906,63,0,Caucasian,Female,45_65,Unknown,Unknown,Midwest,1.0,135.0,101.0,4.5,70.0,96.0,25.0,
159411,61,0,Caucasian,Female,under_45,Unknown,Unknown,Midwest,0.915,142.5,87.5,3.7,67.0,97.0,17.0,18.0
160312,60,0,Caucasian,Male,under_45,Unknown,Unknown,Midwest,0.9,144.0,82.0,3.85,72.0,96.0,,
160313,60,0,Caucasian,Male,under_45,Unknown,Unknown,Midwest,1.1,137.0,95.0,3.3,70.0,99.0,,
160762,60,0,Caucasian,Male,over_65,Unknown,Unknown,Midwest,1.7999999999999998,136.0,101.0,4.4,76.0,95.5,,29.0
161763,58,0,Caucasian,Female,under_45,Unknown,Unknown,Midwest,0.9,139.0,99.5,3.7,68.0,96.0,,10.0
162502,69,0,Caucasian,Male,over_65,Unknown,Unknown,Midwest,1.44,141.5,105.0,4.05,90.0,92.0,22.0,79.0
162841,59,0,Caucasian,Female,over_65,Unknown,Unknown,Midwest,1.3199999999999998,139.5,112.0,3.5,90.0,97.0,21.0,58.0
162842,59,0,Caucasian,Female,over_65,Unknown,Unknown,Midwest,2.335,136.5,110.0,4.35,76.0,94.0,26.0,54.0
163136,73,0,Caucasian,Female,45_65,Unknown,Unknown,Midwest,0.92,137.0,90.5,3.95,120.0,97.0,20.0,
163137,73,0,Caucasian,Female,45_65,Unknown,Unknown,Midwest,1.19,137.0,104.0,3.7,114.0,97.0,16.0,49.0
163524,69,0,Caucasian,Female,under_45,Unknown,Unknown,Midwest,0.87,139.5,96.5,3.55,80.0,98.0,22.0,37.0
165173,68,0,Caucasian,Male,45_65,Unknown,Unknown,Midwest,1.425,131.0,156.5,4.2,92.0,97.0,25.0,28.0
165325,59,0,Caucasian,Male,45_65,Unknown,Unknown,Midwest,,,,,,,,
165752,56,0,Caucasian,Male,45_65,Unknown,Unknown,Midwest,0.58,137.0,108.0,4.1,68.0,95.0,13.0,
165753,56,0,Caucasian,Male,45_65,Unknown,Unknown,Midwest,0.66,140.0,96.0,4.2,,,,
165840,61,1,Caucasian,Male,over_65,Unknown,Unknown,Midwest,1.4,142.0,140.0,4.3,82.5,95.0,26.5,
165841,61,1,Caucasian,Male,over_65,Unknown,Unknown,Midwest,,,,,78.5,99.0,,
165928,60,0,Caucasian,Female,over_65,Unknown,Unknown,Midwest,1.0,143.5,219.0,3.8,90.0,94.0,33.0,
165929,60,0,Caucasian,Female,over_65,Unknown,Unknown,Midwest,1.4,140.0,195.0,4.0,118.0,96.0,26.0,66.0
166175,60,0,Caucasian,Male,45_65,Unknown,Unknown,Midwest,0.8,130.5,262.5,4.0,102.0,97.0,20.0,47.0
166853,58,0,Caucasian,Male,over_65,Unknown,Unknown,Midwest,1.05,139.5,274.5,4.3,64.0,93.0,16.0,49.0
166864,66,0,Caucasian,Male,45_65,Unknown,Unknown,Midwest,0.64,140.0,104.0,3.4000000000000004,79.0,97.0,18.0,38.0
167093,58,0,Caucasian,Female,under_45,Unknown,Unknown,Midwest,0.8,137.0,105.0,3.1,80.0,97.0,,22.0
167185,69,0,Caucasian,Female,over_65,Unknown,Unknown,Midwest,1.48,139.0,102.0,3.9,90.0,100.0,25.0,
167186,69,0,Caucasian,Female,over_65,Unknown,Unknown,Midwest,1.29,141.0,99.0,4.3,90.0,100.0,26.0,
168726,66,0,Caucasian,Female,over_65,Unknown,Unknown,Midwest,0.915,142.0,105.0,4.0,69.0,96.0,25.0,39.0
169525,73,0,Caucasian,Female,45_65,Unknown,Unknown,Midwest,0.485,139.0,172.0,3.6,88.0,93.0,19.0,32.0
169587,68,0,Caucasian,Female,over_65,Unknown,Unknown,Midwest,1.14,138.5,101.5,3.3,,,,
169588,68,0,Caucasian,Female,over_65,Unknown,Unknown,Midwest,,,,,,,,
169974,69,0,Asian,Male,45_65,Unknown,Unknown,Midwest,1.4700000000000002,139.0,180.0,4.05,82.0,95.0,14.0,30.0
169975,69,0,Asian,Male,45_65,Unknown,Unknown,Midwest,,,,,78.0,97.0,11.0,
171925,61,0,Caucasian,Male,over_65,Unknown,Unknown,Midwest,1.515,136.5,128.0,3.55,95.5,96.0,40.0,59.0
171926,61,0,Caucasian,Male,over_65,Unknown,Unknown,Midwest,1.09,139.5,104.5,3.8,,,,
172015,73,0,Caucasian,Female,45_65,Unknown,Unknown,Midwest,0.935,137.0,108.0,3.75,88.0,98.0,19.0,49.0
172414,71,0,Caucasian,Female,45_65,Unknown,Unknown,Midwest,1.1,137.0,91.0,3.4000000000000004,94.0,97.0,18.5,30.0
172678,59,0,Caucasian,Female,over_65,Unknown,Unknown,Midwest,0.89,134.0,137.0,4.0,86.0,97.0,,46.0
173458,63,0,Caucasian,Female,over_65,Unknown,Unknown,Midwest,1.16,138.0,240.0,4.75,60.0,98.0,17.0,45.0
174608,58,0,Caucasian,Female,under_45,Unknown,Unknown,Midwest,0.8,139.5,114.0,3.35,84.0,97.0,,15.0
174826,63,0,Caucasian,Female,45_65,Unknown,Unknown,Midwest,0.66,136.0,84.0,3.6,78.0,98.0,21.0,45.0
174956,71,0,Caucasian,Female,over_65,Unknown,Unknown,Midwest,0.85,141.0,103.0,3.6,80.0,98.0,17.0,28.0
175110,67,0,African American,Female,over_65,Unknown,Unknown,Midwest,1.75,140.0,150.0,3.8,,,,
175111,67,0,African American,Female,over_65,Unknown,Unknown,Midwest,1.01,141.0,155.0,4.0,62.0,98.0,21.0,41.0
175243,58,0,Asian,Male,over_65,Unknown,Unknown,Midwest,1.1,139.0,103.0,4.3,62.0,98.0,,43.0
175399,61,0,Caucasian,Male,over_65,Unknown,Unknown,Midwest,1.63,137.0,113.0,3.4,84.5,94.0,20.0,
176050,71,0,Caucasian,Male,45_65,Unknown,Unknown,Midwest,1.3,142.0,133.0,3.7,64.0,99.0,,
176504,66,0,Caucasian,Male,over_65,Unknown,Unknown,Midwest,0.975,139.5,101.0,4.05,71.0,97.0,35.0,45.0
176730,56,0,Caucasian,Male,over_65,Unknown,Unknown,Midwest,0.93,140.5,92.5,4.1,98.0,96.0,20.0,
177689,66,0,Caucasian,Female,45_65,Unknown,Unknown,Midwest,0.7,138.0,93.0,4.1,89.5,98.0,,23.0
178858,59,0,Caucasian,Female,45_65,Unknown,Unknown,Midwest,,,,,60.0,99.0,,29.0
178859,59,0,Caucasian,Female,45_65,Unknown,Unknown,Midwest,1.03,139.0,124.0,4.3,68.0,95.0,,
179028,68,0,Caucasian,Male,over_65,Unknown,Unknown,Midwest,0.95,142.0,125.0,4.2,70.0,99.0,,45.0
179029,68,0,Caucasian,Male,over_65,Unknown,Unknown,Midwest,,,,,80.0,98.0,42.0,
179030,68,0,Caucasian,Male,over_65,Unknown,Unknown,Midwest,0.98,138.0,135.0,4.3,71.0,99.0,26.0,
179269,69,0,Caucasian,Female,over_65,Unknown,Unknown,Midwest,1.3,141.0,102.0,3.7,92.0,95.0,23.0,117.0
181715,68,0,Caucasian,Male,over_65,Unknown,Unknown,Midwest,,,,,46.5,96.0,20.0,45.0
181716,68,0,Caucasian,Male,over_65,Unknown,Unknown,Midwest,,,,,,,,
181717,68,0,Caucasian,Male,over_65,Unknown,Unknown,Midwest,1.12,136.0,97.0,4.1,49.0,95.0,18.0,
181906,69,0,Caucasian,Female,over_65,Unknown,Unknown,Midwest,0.925,146.0,92.0,3.95,64.0,99.0,18.0,53.0
181907,69,0,Caucasian,Female,over_65,Unknown,Unknown,Midwest,0.89,143.0,107.0,3.9,66.0,96.0,16.0,
184757,73,0,Caucasian,Female,over_65,Unknown,Unknown,Midwest,0.76,133.0,105.5,3.6,100.0,99.0,21.0,50.0
185387,67,0,Caucasian,Male,under_45,Unknown,Unknown,Midwest,1.205,125.5,102.0,4.25,78.0,97.0,16.0,17.0
185821,68,0,Caucasian,Male,45_65,Unknown,Unknown,Midwest,0.93,136.0,97.0,4.4,82.0,97.0,26.0,29.0
186069,61,0,Caucasian,Female,over_65,Unknown,Unknown,Midwest,4.515000000000001,133.5,118.5,4.2,84.0,96.0,18.5,
186085,68,0,Caucasian,Male,45_65,Unknown,Unknown,Midwest,1.1,138.0,99.0,4.1,64.0,95.0,23.0,28.0
186393,56,0,Caucasian,Female,over_65,Unknown,Unknown,Midwest,0.8,138.0,103.5,4.25,86.0,96.0,25.0,64.0
187150,67,0,Caucasian,Female,45_65,Unknown,Unknown,Midwest,0.58,139.0,119.0,3.4,95.0,96.0,25.0,101.0
187823,69,0,Caucasian,Male,45_65,Unknown,Unknown,Midwest,1.18,141.0,199.5,4.1,50.0,98.0,14.0,25.0
189357,68,0,Caucasian,Male,over_65,Unknown,Unknown,Midwest,1.05,141.0,147.0,3.9,65.0,96.0,,
189358,68,0,Caucasian,Male,over_65,Unknown,Unknown,Midwest,,,,,65.0,96.0,17.0,39.0
190446,61,0,Caucasian,Female,45_65,Unknown,Unknown,Midwest,0.6599999999999999,137.5,94.5,3.2,101.0,97.0,23.0,39.0
190764,56,0,Caucasian,Female,45_65,Unknown,Unknown,Midwest,0.855,129.0,98.5,3.9,62.0,97.0,14.0,36.0
192233,63,0,Caucasian,Female,45_65,Unknown,Unknown,Midwest,,,,,85.0,94.0,15.0,25.0
193665,61,0,Caucasian,Female,45_65,Unknown,Unknown,Midwest,0.67,142.0,102.0,3.6,96.5,94.0,18.0,43.0
194174,59,0,Caucasian,Male,45_65,Unknown,Unknown,Midwest,1.09,139.0,174.0,4.0,76.0,98.0,,
194175,59,0,Caucasian,Male,45_65,Unknown,Unknown,Midwest,1.84,136.0,184.0,4.9,,,,
195105,60,0,Caucasian,Male,under_45,Unknown,Unknown,Midwest,0.95,136.5,124.5,3.8,80.0,97.0,18.0,22.0
197616,63,0,Caucasian,Female,over_65,Unknown,Unknown,Midwest,1.63,137.0,292.0,4.699999999999999,81.0,,,
197617,63,0,Caucasian,Female,over_65,Unknown,Unknown,Midwest,1.48,141.5,185.0,4.2,88.0,97.0,20.0,54.0
197618,63,0,Caucasian,Female,over_65,Unknown,Unknown,Midwest,,,,,98.0,97.0,24.0,
197619,63,0,Caucasian,Female,over_65,Unknown,Unknown,Midwest,1.47,139.0,154.0,4.8,82.0,95.0,25.0,
197620,63,0,Caucasian,Female,over_65,Unknown,Unknown,Midwest,1.59,134.0,413.0,5.8,80.0,100.0,11.0,62.0
197646,69,0,Caucasian,Female,over_65,Unknown,Unknown,Midwest,1.21,139.0,85.0,3.9,,,,
197921,67,0,Caucasian,Female,over_65,Unknown,Unknown,Midwest,0.93,136.0,139.5,3.5,94.0,94.0,26.0,39.0
198627,60,0,Caucasian,Female,45_65,Unknown,Unknown,Midwest,0.4,143.0,106.0,3.4,90.0,96.0,17.0,36.0
198628,60,0,Caucasian,Female,45_65,Unknown,Unknown,Midwest,0.4,145.0,104.0,3.9,102.0,96.0,25.0,
198629,60,0,Caucasian,Female,45_65,Unknown,Unknown,Midwest,0.4,145.0,156.0,4.4,102.0,96.0,24.0,
198630,60,0,Caucasian,Female,45_65,Unknown,Unknown,Midwest,,,,,,,,
202294,58,0,Caucasian,Female,45_65,Unknown,Unknown,Midwest,1.0,139.0,100.0,3.7,88.0,96.0,19.0,68.0
202707,73,0,Caucasian,Female,over_65,Unknown,Unknown,Midwest,0.6950000000000001,140.0,165.5,3.6,50.0,98.0,17.0,41.0
203101,66,0,African American,Female,45_65,Unknown,Unknown,Midwest,0.54,142.0,85.0,4.0,100.0,99.0,22.0,43.0
203970,66,0,Caucasian,Male,under_45,Unknown,Unknown,Midwest,0.91,140.0,84.0,3.85,69.0,98.0,,
204602,66,0,Caucasian,Female,under_45,Unknown,Unknown,Midwest,0.815,141.5,84.5,3.6,123.0,99.0,35.0,57.0
204935,71,1,Caucasian,Female,over_65,Unknown,Unknown,Midwest,4.4,140.0,186.0,5.8,135.0,96.0,19.0,
205061,71,0,Caucasian,Male,over_65,Unknown,Unknown,Midwest,1.0,140.0,114.0,3.7,82.0,97.0,20.0,
205096,61,1,Caucasian,Female,45_65,Unknown,Unknown,Midwest,3.015,143.0,95.0,3.9,87.0,98.0,20.0,63.0
205097,61,1,Caucasian,Female,45_65,Unknown,Unknown,Midwest,,,,,92.0,90.5,21.0,
205928,67,0,Caucasian,Female,45_65,Unknown,Unknown,Midwest,1.76,140.0,104.0,3.6,81.0,96.0,20.0,50.0
207393,63,0,Caucasian,Female,45_65,Unknown,Unknown,Midwest,0.92,139.0,113.0,4.0,73.0,98.0,45.0,32.0
208460,67,1,Caucasian,Male,45_65,Unknown,Unknown,Midwest,3.18,135.0,131.0,4.7,84.0,99.0,24.0,50.0
208461,67,1,Caucasian,Male,45_65,Unknown,Unknown,Midwest,,,,,,,,
208726,67,0,Caucasian,Female,45_65,Unknown,Unknown,Midwest,1.69,118.5,125.0,2.0,75.0,96.0,24.0,50.0
209139,67,0,Caucasian,Male,45_65,Unknown,Unknown,Midwest,3.39,132.0,114.5,4.6,87.0,96.0,27.0,62.0
209140,67,0,Caucasian,Male,45_65,Unknown,Unknown,Midwest,0.95,143.0,121.0,3.9,,,,
210641,59,0,Caucasian,Female,45_65,Unknown,Unknown,Midwest,1.2,137.0,166.0,4.1,82.0,94.0,27.0,
210642,59,0,Caucasian,Female,45_65,Unknown,Unknown,Midwest,0.86,141.0,129.0,3.7,,,,
211144,71,0,Caucasian,Female,over_65,Unknown,Unknown,Midwest,0.6,137.0,126.0,3.8,89.0,96.0,23.0,
211715,67,0,Caucasian,Female,45_65,Unknown,Unknown,Midwest,0.71,140.0,106.0,4.0,90.0,97.0,19.0,27.0
214497,73,0,African American,Female,under_45,Unknown,Unknown,Midwest,11.9,134.5,80.0,4.300000000000001,88.0,99.0,21.0,58.0
214519,66,0,Caucasian,Female,45_65,Unknown,Unknown,Midwest,,,,,99.0,97.0,16.0,24.0
216131,69,0,Asian,Male,45_65,Unknown,Unknown,Midwest,1.3250000000000002,134.0,217.5,4.35,78.0,99.0,15.0,37.0
216950,73,0,African American,Female,45_65,Unknown,Unknown,Midwest,0.77,136.5,157.0,3.8,64.0,99.0,26.0,
216951,73,0,African American,Female,45_65,Unknown,Unknown,Midwest,0.82,136.0,166.0,3.6,76.0,99.0,33.0,
217837,71,0,Caucasian,Female,45_65,Unknown,Unknown,Midwest,1.1,140.0,104.0,4.9,88.5,93.0,,
217838,71,0,Caucasian,Female,45_65,Unknown,Unknown,Midwest,,,,4.5,98.0,93.0,,
218742,73,0,Caucasian,Female,over_65,Unknown,Unknown,Midwest,0.59,138.0,143.0,3.6,74.0,96.0,18.0,43.0
218955,56,0,Caucasian,Male,over_65,Unknown,Unknown,Midwest,,,,3.9,62.0,96.0,,
218956,56,0,Caucasian,Male,over_65,Unknown,Unknown,Midwest,,,,,,,,
219980,56,0,Caucasian,Female,45_65,Unknown,Unknown,Midwest,1.04,124.0,78.0,4.9,86.0,96.0,12.0,
219981,56,0,Caucasian,Female,45_65,Unknown,Unknown,Midwest,1.08,124.0,95.0,4.6,92.0,94.0,21.0,65.0
219982,56,0,Caucasian,Female,45_65,Unknown,Unknown,Midwest,1.53,136.5,106.5,3.95,100.0,93.0,23.5,
219983,56,0,Caucasian,Female,45_65,Unknown,Unknown,Midwest,1.08,127.0,81.0,4.7,96.0,96.0,19.0,63.0
220469,63,0,Caucasian,Male,45_65,Unknown,Unknown,Midwest,1.19,140.0,115.0,3.6,65.0,94.0,13.0,
221004,71,0,Caucasian,Female,over_65,Unknown,Unknown,Midwest,0.6499999999999999,137.0,139.5,4.1,91.0,93.0,,
221005,71,0,Caucasian,Female,over_65,Unknown,Unknown,Midwest,0.6,137.0,142.0,3.9,79.0,96.0,26.0,42.0
221131,71,0,Caucasian,Male,over_65,Unknown,Unknown,Midwest,0.7,138.5,119.5,4.0,59.0,95.5,,
222133,71,0,Caucasian,Male,over_65,Unknown,Unknown,Midwest,0.7,138.0,144.0,4.0,60.0,98.0,15.0,63.0
222408,69,0,Caucasian,Male,over_65,Unknown,Unknown,Midwest,1.5,142.0,161.0,4.0,92.0,94.0,25.0,58.0
223303,59,0,Caucasian,Male,under_45,Unknown,Unknown,Midwest,0.94,141.0,91.0,3.9,92.0,95.0,18.0,34.0
223539,73,0,Caucasian,Female,45_65,Unknown,Unknown,Midwest,,,,4.4,88.0,99.0,10.0,39.0
223787,59,0,Caucasian,Male,over_65,Unknown,Unknown,Midwest,0.92,142.0,119.0,4.0,70.0,97.0,21.0,46.0
224606,71,0,Caucasian,Female,over_65,Unknown,Unknown,Midwest,1.1,139.0,106.0,4.1,108.0,98.0,26.5,
225206,56,0,Caucasian,Female,over_65,Unknown,Unknown,Midwest,0.885,137.0,103.0,3.75,86.0,96.0,23.0,63.0
225207,56,0,Caucasian,Female,over_65,Unknown,Unknown,Midwest,0.8200000000000001,141.0,97.0,3.7,88.0,94.0,24.0,
226072,58,0,Caucasian,Female,45_65,Unknown,Unknown,Midwest,,,,,,,,
226073,58,0,Caucasian,Female,45_65,Unknown,Unknown,Midwest,,,,,,,,
226326,56,0,Caucasian,Male,45_65,Unknown,Unknown,Midwest,,,,4.1,76.0,98.0,16.0,
227818,66,0,Caucasian,Female,under_45,Unknown,Unknown,Midwest,,,,,78.0,96.0,9.0,
227819,66,0,Caucasian,Female,under_45,Unknown,Unknown,Midwest,0.735,142.0,95.0,3.7,,,,
228266,61,0,Caucasian,Female,under_45,Unknown,Unknown,Midwest,1.2,145.0,81.0,3.0,81.0,,29.0,
229236,69,0,Caucasian,Male,over_65,Unknown,Unknown,Midwest,1.32,143.0,121.0,4.0,88.0,94.0,16.0,43.0
229383,68,0,Caucasian,Male,45_65,Unknown,Unknown,Midwest,1.42,140.0,96.0,3.9,58.0,97.0,17.0,31.0
230150,56,0,Caucasian,Male,over_65,Unknown,Unknown,Midwest,1.06,135.0,145.0,4.2,88.0,100.0,16.0,
230427,63,0,Asian,Male,over_65,Unknown,Unknown,Midwest,1.255,142.0,128.0,3.8,72.0,98.0,18.0,57.0
232447,58,0,Caucasian,Male,under_45,Unknown,Unknown,Midwest,0.64,132.0,95.5,3.3,92.0,99.0,19.0,38.0
232562,69,0,Caucasian,Female,over_65,Unknown,Unknown,Midwest,1.015,145.0,134.5,4.15,72.0,96.0,18.0,-1.0
234934,73,0,Caucasian,Female,45_65,Unknown,Unknown,Midwest,1.01,135.5,275.0,4.1,79.0,94.0,23.0,45.0
234941,67,0,African American,Female,under_45,Unknown,Unknown,Midwest,1.085,143.0,110.5,3.25,91.0,99.0,17.0,22.0
235042,60,0,Caucasian,Female,over_65,Unknown,Unknown,Midwest,2.5,144.0,85.5,3.8,80.0,95.0,,
235043,60,0,Caucasian,Female,over_65,Unknown,Unknown,Midwest,3.3,142.0,168.0,3.5,74.0,94.0,10.0,85.0
236265,63,0,Asian,Male,45_65,Unknown,Unknown,Midwest,0.37,144.0,139.0,3.6,76.0,96.0,18.5,82.0
237332,59,0,Caucasian,Male,45_65,Unknown,Unknown,Midwest,1.085,139.5,124.5,4.1,52.0,94.0,18.0,22.0
237983,58,0,Caucasian,Female,over_65,Unknown,Unknown,Midwest,1.05,137.5,113.0,4.1,72.0,98.0,16.0,72.0
238463,69,1,Caucasian,Male,over_65,Unknown,Unknown,Midwest,1.605,136.5,157.0,5.6,108.0,96.0,30.0,130.0
239655,69,0,Caucasian,Female,over_65,Unknown,Unknown,Midwest,1.06,134.0,85.0,4.3,76.0,98.0,16.0,67.0
242895,108,0,Caucasian,Male,over_65,Unknown,Unknown,Midwest,0.745,140.0,139.0,4.25,60.0,95.0,20.0,38.0
243097,95,0,Caucasian,Male,45_65,Unknown,Unknown,Midwest,0.8500000000000001,136.5,193.0,3.85,76.0,94.0,18.0,20.0
243999,93,0,Caucasian,Female,over_65,Unknown,Unknown,Midwest,0.965,138.5,94.0,3.7,72.0,97.0,22.0,
244477,83,0,Caucasian,Female,45_65,Unknown,Unknown,Unknown,0.9,136.5,110.0,3.35,137.0,94.0,37.0,45.0
244707,93,0,Unknown,Male,over_65,Unknown,Unknown,Midwest,0.78,142.0,343.0,4.4,117.5,94.0,18.0,
246997,92,0,Caucasian,Male,45_65,Unknown,Unknown,Midwest,0.45,138.0,119.0,4.2,77.0,96.0,18.0,63.0
247261,92,0,Caucasian,Male,under_45,Unknown,Unknown,Midwest,0.965,138.5,107.5,4.15,77.0,95.0,17.0,11.0
249328,83,0,Caucasian,Male,over_65,Unknown,Unknown,Unknown,1.45,146.5,179.5,3.9,107.0,98.0,27.0,-1.0
249805,83,0,Caucasian,Female,under_45,Unknown,Unknown,Unknown,0.7,138.5,185.5,3.7,95.0,100.0,15.0,57.0
250073,79,0,Caucasian,Male,45_65,Unknown,Unknown,Midwest,0.8500000000000001,138.0,123.0,4.15,78.0,95.0,16.0,15.0
250574,108,0,Caucasian,Female,over_65,Unknown,Unknown,Midwest,0.605,140.0,107.0,3.85,75.0,96.0,18.0,50.0
250719,92,0,Caucasian,Male,45_65,Unknown,Unknown,Midwest,0.515,139.5,130.5,3.7,89.0,94.0,20.0,90.0
250724,79,0,Caucasian,Female,45_65,Unknown,Unknown,Midwest,0.5,140.0,113.5,3.8,94.0,100.0,19.0,102.0
251111,92,0,Caucasian,Female,over_65,Unknown,Unknown,Midwest,1.16,140.0,100.5,4.25,63.0,97.0,20.0,50.0
257287,95,0,Caucasian,Male,over_65,Unknown,Unknown,Midwest,1.15,138.5,102.5,4.25,74.0,100.0,18.0,49.0
257802,79,0,Caucasian,Male,over_65,Unknown,Unknown,Midwest,0.9,138.0,122.0,4.0,86.0,94.0,15.0,39.0
258915,93,0,Unknown,Unknown,over_65,Unknown,Unknown,Midwest,1.23,135.0,90.0,3.1,82.0,96.0,18.5,
260468,83,0,Caucasian,Female,over_65,Unknown,Unknown,Unknown,0.95,132.0,120.0,3.7,73.0,96.0,20.0,61.0
260647,95,0,Caucasian,Male,over_65,Unknown,Unknown,Midwest,2.6500000000000004,139.5,160.5,4.550000000000001,99.0,91.0,26.0,29.0
260860,95,0,Native American,Female,45_65,Unknown,Unknown,Midwest,0.7,135.0,83.0,3.7,77.0,97.0,14.0,52.0
260961,95,0,Caucasian,Male,over_65,Unknown,Unknown,Midwest,0.95,134.5,114.0,5.35,85.0,97.0,15.0,45.0
261520,92,1,Caucasian,Male,over_65,Unknown,Unknown,Midwest,0.8300000000000001,135.0,198.0,3.7,67.0,94.0,22.0,136.0
262775,83,0,Native American,Male,45_65,Unknown,Unknown,Unknown,0.6,132.0,170.0,3.8,108.0,100.0,21.0,37.0
263279,93,1,Unknown,Male,over_65,Unknown,Unknown,Midwest,,,,,86.0,72.0,38.0,
263285,79,0,Caucasian,Male,under_45,Unknown,Unknown,Midwest,0.8500000000000001,142.0,157.5,3.8,120.0,100.0,24.0,
263850,108,0,Caucasian,Male,45_65,Unknown,Unknown,Midwest,0.92,129.5,118.0,4.2,106.0,95.0,25.0,52.0
264276,92,0,Native American,Male,under_45,Unknown,Unknown,Midwest,1.585,142.5,142.0,3.5,84.0,94.0,21.0,72.0
264423,83,0,Native American,Male,45_65,Unknown,Unknown,Unknown,5.15,137.0,180.5,6.0,76.0,94.0,17.0,36.0
264901,108,0,Caucasian,Male,over_65,Unknown,Unknown,Midwest,1.455,140.0,235.5,4.4,108.0,95.0,23.0,66.0
267196,79,0,Caucasian,Male,45_65,Unknown,Unknown,Midwest,0.8,136.0,103.0,3.7,71.0,97.0,23.0,22.0
267829,93,0,Caucasian,Female,45_65,Unknown,Unknown,Midwest,0.75,136.0,177.0,4.1,94.0,97.0,16.0,
268932,79,0,Caucasian,Male,45_65,Unknown,Unknown,Midwest,0.4,143.0,116.0,4.6,97.0,96.0,15.0,36.0
272886,79,0,Native American,Male,over_65,Unknown,Unknown,Midwest,0.6,137.0,135.0,3.55,98.0,97.0,22.0,71.0
272927,108,0,Caucasian,Male,45_65,Unknown,Unknown,Midwest,0.89,142.0,95.0,4.0,71.0,99.0,14.0,38.0
275329,95,0,Caucasian,Male,45_65,Unknown,Unknown,Midwest,1.1,142.0,96.0,5.0,55.0,96.0,16.0,20.0
276562,108,1,Caucasian,Male,over_65,Unknown,Unknown,Midwest,0.93,140.0,147.0,4.5,105.0,98.0,23.0,61.0
276594,92,0,Caucasian,Male,45_65,Unknown,Unknown,Midwest,1.0,136.0,122.0,4.4,101.0,93.0,28.0,26.0
276815,93,1,Caucasian,Male,over_65,Unknown,Unknown,Midwest,0.98,131.0,124.0,3.5,110.0,96.0,22.0,
280350,79,0,Caucasian,Male,over_65,Unknown,Unknown,Midwest,1.0,133.0,110.0,3.7,73.0,94.0,0.0,50.0
281132,95,0,Caucasian,Male,45_65,Unknown,Unknown,Midwest,0.4,126.0,87.5,3.95,70.0,93.0,18.0,35.0
281479,108,0,Caucasian,Male,under_45,Unknown,Unknown,Midwest,2.37,133.5,401.0,3.9,85.0,98.0,14.0,34.0
282439,92,0,Caucasian,Male,over_65,Unknown,Unknown,Midwest,3.26,134.0,147.0,5.1,88.0,97.0,16.0,48.0
284265,108,0,Caucasian,Male,over_65,Unknown,Unknown,Midwest,0.95,139.0,137.0,4.4,76.0,95.0,20.0,35.0
284517,95,0,Caucasian,Male,over_65,Unknown,Unknown,Midwest,0.6,129.0,160.0,3.6,120.0,92.0,16.0,108.0
287848,92,0,Caucasian,Male,45_65,Unknown,Unknown,Midwest,0.4499999999999999,140.5,116.0,4.550000000000001,101.0,94.0,22.0,51.0
287931,108,0,Caucasian,Male,over_65,Unknown,Unknown,Midwest,1.0,139.0,148.0,4.6,,95.0,,
288133,95,0,Caucasian,Male,over_65,Unknown,Unknown,Midwest,1.2,138.0,120.0,3.7,71.0,96.0,16.0,52.0
289502,108,0,Caucasian,Female,45_65,Unknown,Unknown,Midwest,0.69,136.0,197.0,4.1,87.0,96.0,18.0,36.0
289640,83,0,Native American,Female,under_45,Unknown,Unknown,Unknown,0.9,139.0,147.0,2.6,125.0,98.0,25.0,
290122,92,0,Caucasian,Male,over_65,Unknown,Unknown,Midwest,,,,,71.0,95.0,20.0,34.0
291628,83,0,Caucasian,Female,over_65,Unknown,Unknown,Unknown,1.8,129.0,106.0,3.9,66.0,98.0,20.0,70.0
292154,93,0,Unknown,Female,over_65,Unknown,Unknown,Midwest,2.03,126.0,161.5,3.25,123.0,95.0,23.0,
294032,92,0,Caucasian,Male,45_65,Unknown,Unknown,Midwest,0.49,140.0,144.0,4.0,95.0,92.0,20.0,67.0
295112,95,0,Caucasian,Male,over_65,Unknown,Unknown,Midwest,1.2,136.5,80.5,5.050000000000001,79.0,96.0,16.0,45.0
295916,93,0,Caucasian,Female,over_65,Unknown,Unknown,Midwest,1.12,137.0,160.0,4.5,86.0,95.0,19.0,
296926,108,0,Caucasian,Male,over_65,Unknown,Unknown,Midwest,1.1749999999999998,138.0,205.5,3.65,76.0,96.0,16.0,61.0
296927,108,0,Caucasian,Male,over_65,Unknown,Unknown,Midwest,0.88,143.0,279.0,3.7,98.0,96.0,25.0,49.0
297175,92,0,Caucasian,Male,45_65,Unknown,Unknown,Midwest,0.39,140.0,121.0,4.3,108.0,95.0,18.0,48.0
297291,79,0,Other/Unknown,Male,under_45,Unknown,Unknown,Midwest,0.95,136.5,146.0,4.5,95.0,96.0,19.0,42.0
299914,92,0,Caucasian,Male,over_65,Unknown,Unknown,Midwest,1.05,142.0,129.0,3.8,67.0,93.0,17.0,31.0
300007,95,0,Caucasian,Male,45_65,Unknown,Unknown,Midwest,0.8,137.0,116.0,4.1,53.0,94.0,16.0,33.0
300141,95,0,Caucasian,Male,over_65,Unknown,Unknown,Midwest,2.4,135.0,96.0,3.8,72.0,100.0,,-1.0
300142,95,0,Caucasian,Male,over_65,Unknown,Unknown,Midwest,2.2,135.0,102.5,3.65,85.0,100.0,,78.0
300385,83,0,Native American,Male,under_45,Unknown,Unknown,Unknown,0.5,126.5,113.0,3.9,75.0,100.0,16.0,47.0
301185,93,0,Unknown,Female,over_65,Unknown,Unknown,Midwest,1.14,137.0,145.0,4.2,94.0,95.0,28.0,
301780,93,0,Unknown,Male,over_65,Unknown,Unknown,Midwest,1.34,140.0,107.5,4.75,72.0,93.0,14.0,
302226,79,0,Caucasian,Female,45_65,Unknown,Unknown,Midwest,0.8500000000000001,151.0,116.0,3.25,102.0,93.0,31.0,52.0
302668,83,1,Caucasian,Male,over_65,Unknown,Unknown,Unknown,2.45,141.0,141.0,4.25,78.0,95.0,17.0,62.0
304256,83,0,Caucasian,Male,under_45,Unknown,Unknown,Unknown,1.1,132.5,97.0,4.7,80.0,95.0,21.0,25.0
304631,95,0,Caucasian,Male,45_65,Unknown,Unknown,Midwest,1.0,139.0,100.0,4.2,58.0,98.0,15.0,29.0
306247,108,0,Caucasian,Female,45_65,Unknown,Unknown,Midwest,0.635,135.5,251.5,4.550000000000001,94.0,99.0,16.0,21.0
308316,92,1,Caucasian,Male,over_65,Unknown,Unknown,Midwest,1.16,139.5,146.5,3.4,97.0,96.0,32.0,48.0
310446,123,0,Unknown,Male,under_45,Unknown,Unknown,South,1.0,138.0,382.0,,,,,0.0
310783,133,0,Caucasian,Male,45_65,Unknown,Unknown,South,0.7,139.0,110.0,,60.0,97.0,12.0,17.0
311043,110,0,African American,Female,45_65,Unknown,Unknown,South,1.4,132.5,173.0,4.4,102.0,94.0,,44.0
312258,131,0,Caucasian,Male,45_65,Unknown,Unknown,South,0.57,142.0,141.0,3.5,98.0,,22.0,
312665,112,0,Caucasian,Female,45_65,Unknown,Unknown,South,1.2,137.0,141.0,,76.0,96.0,23.0,63.0
313055,110,0,Caucasian,Male,45_65,Unknown,Unknown,South,0.895,142.0,83.0,3.6,57.0,98.0,17.0,16.0
313735,123,0,Caucasian,Male,under_45,Unknown,Unknown,South,,,,,,,,
313736,123,0,Caucasian,Male,under_45,Unknown,Unknown,South,,,,,,,,18.0
314161,110,0,Caucasian,Male,under_45,Unknown,Unknown,South,,,,,,,,16.0
314184,115,0,Caucasian,Female,45_65,Unknown,Unknown,South,0.6399999999999999,141.0,131.5,4.25,97.0,95.0,23.0,
314240,120,0,Unknown,Female,under_45,Unknown,Unknown,South,,,,,60.0,100.0,19.0,
314241,120,0,Unknown,Female,under_45,Unknown,Unknown,South,,,,,54.0,99.0,15.5,
314889,123,0,Caucasian,Male,under_45,Unknown,Unknown,South,1.5,136.0,551.0,,,,,25.0
314890,123,0,Caucasian,Male,under_45,Unknown,Unknown,South,,,,,,,,
316382,131,0,Caucasian,Male,under_45,Unknown,Unknown,South,0.54,141.5,130.5,4.05,99.0,99.0,18.0,
316495,123,0,Caucasian,Female,under_45,Unknown,Unknown,South,,,403.0,,,,,44.0
319702,115,0,Caucasian,Female,under_45,Unknown,Unknown,South,,,,,,,,
322290,115,0,Caucasian,Male,45_65,Unknown,Unknown,South,0.64,139.0,126.0,4.5,94.0,97.0,22.0,
325626,110,0,Caucasian,Female,under_45,Unknown,Unknown,South,0.68,133.0,279.0,4.2,,,,11.0
325924,110,1,Caucasian,Male,45_65,Unknown,Unknown,South,1.92,135.0,96.0,3.6,115.0,95.0,14.0,71.0
326249,123,0,Caucasian,Male,under_45,Unknown,Unknown,South,,,,,,,,
326250,123,0,Caucasian,Male,under_45,Unknown,Unknown,South,,,,,,,,-1.0
326251,123,0,Caucasian,Male,under_45,Unknown,Unknown,South,1.2,139.0,294.0,,,,,
326308,133,0,Caucasian,Female,over_65,Unknown,Unknown,South,0.7,144.0,101.0,,106.0,95.0,22.0,62.0
327581,120,0,African American,Female,over_65,Unknown,Unknown,South,2.0,,175.0,,96.0,100.0,17.0,
329635,112,0,Caucasian,Male,45_65,Unknown,Unknown,South,2.0,147.0,213.0,,124.0,94.0,29.0,78.0
332253,110,0,Caucasian,Male,under_45,Unknown,Unknown,South,1.17,140.0,159.0,3.9,84.0,93.0,,59.0
332296,123,0,Caucasian,Male,under_45,Unknown,Unknown,South,,,,,,,,-1.0
332658,125,0,Caucasian,Male,under_45,Unknown,Unknown,South,1.05,139.5,124.5,3.85,,,,
333689,125,0,Caucasian,Male,over_65,Unknown,Unknown,South,0.76,146.0,131.0,3.2,91.0,97.0,,72.0
334902,123,0,Unknown,Male,under_45,Unknown,Unknown,South,0.8,142.0,102.0,,,,,27.0
335868,122,0,Caucasian,Female,over_65,Unknown,Unknown,South,1.315,138.0,221.0,4.25,69.0,98.0,16.0,62.0
336270,123,0,Unknown,Unknown,Unknown,Unknown,Unknown,South,,,,,,,,
336272,120,0,Caucasian,Female,over_65,Unknown,Unknown,South,1.2,140.0,119.0,,58.0,99.0,16.0,60.0
337621,110,0,Caucasian,Male,45_65,Unknown,Unknown,South,0.56,130.0,126.5,3.7,86.0,96.0,,38.0
341064,122,0,Caucasian,Female,45_65,Unknown,Unknown,South,0.56,138.5,136.5,3.6,88.0,98.0,17.0,54.0
341322,110,0,Caucasian,Female,over_65,Unknown,Unknown,South,0.74,137.0,119.0,4.0,84.0,94.0,26.0,67.0
341668,123,0,Caucasian,Female,under_45,Unknown,Unknown,South,1.4,135.0,567.0,4.4,,,,32.0
341780,122,0,Caucasian,Male,45_65,Unknown,Unknown,South,2.92,128.0,133.0,4.5,96.0,96.0,19.0,83.0
341781,122,0,Caucasian,Male,45_65,Unknown,Unknown,South,5.54,133.0,111.0,3.7,77.0,99.0,18.0,80.0
341782,122,0,Caucasian,Male,45_65,Unknown,Unknown,South,1.63,136.0,111.5,4.25,90.0,98.0,22.0,37.0
342371,120,0,Caucasian,Male,under_45,Unknown,Unknown,South,1.4,134.0,130.0,,81.0,98.0,22.0,23.0
342377,131,0,African American,Female,45_65,Unknown,Unknown,South,0.5,138.5,134.0,3.2,,,,
343093,131,1,Caucasian,Male,over_65,Unknown,Unknown,South,0.85,140.5,128.0,4.0,83.0,97.0,,
343094,131,1,Caucasian,Male,over_65,Unknown,Unknown,South,,,,,117.0,82.0,,
343125,138,0,Caucasian,Female,under_45,Unknown,Unknown,Midwest,0.7,145.0,,,129.0,99.0,20.0,26.0
344379,123,1,Unknown,Unknown,Unknown,Unknown,Unknown,South,,,,,,,,-1.0
345142,131,0,Caucasian,Female,over_65,Unknown,Unknown,South,0.65,139.0,135.0,4.0,87.0,96.0,,
346379,123,0,Caucasian,Female,over_65,Unknown,Unknown,South,,,,,,,,
346380,123,0,Caucasian,Female,over_65,Unknown,Unknown,South,1.0,146.0,112.0,,,,,-1.0
346753,138,0,Caucasian,Female,under_45,Unknown,Unknown,Midwest,,,,,79.0,98.0,14.0,19.0
347475,112,0,Caucasian,Male,over_65,Unknown,Unknown,South,1.8,138.0,114.0,3.5,57.0,100.0,19.0,52.0
348873,138,0,Caucasian,Male,over_65,Unknown,Unknown,Midwest,1.9,139.0,271.0,,54.0,96.0,15.0,55.0
349322,125,0,Caucasian,Male,over_65,Unknown,Unknown,South,2.6,129.0,162.0,4.4,101.0,95.0,,86.0
349481,125,0,Caucasian,Male,under_45,Unknown,Unknown,South,0.8,132.0,137.0,3.9,81.0,100.0,,58.0
350259,133,0,Caucasian,Male,over_65,Unknown,Unknown,South,,,176.0,,124.0,96.0,22.0,40.0
350263,133,0,Caucasian,Male,45_65,Unknown,Unknown,South,0.9,137.0,91.0,3.9,86.0,96.0,18.0,-1.0
350437,138,0,Caucasian,Male,under_45,Unknown,Unknown,Midwest,1.0,141.0,102.0,,58.0,94.0,18.0,15.0
350551,131,0,Caucasian,Female,45_65,Unknown,Unknown,South,0.81,142.0,127.5,4.1,73.0,96.0,,
351524,125,0,Caucasian,Male,under_45,Unknown,Unknown,South,1.0,138.0,112.0,4.0,108.0,100.0,,35.0
351525,125,0,Caucasian,Male,under_45,Unknown,Unknown,South,1.15,139.5,103.5,3.95,90.0,98.0,,39.0
351526,125,0,Caucasian,Male,under_45,Unknown,Unknown,South,1.25,135.5,133.5,3.8,107.0,98.0,,23.0
351717,123,1,Unknown,Female,45_65,Unknown,Unknown,South,1.8,140.0,107.0,,,,,47.0
351720,112,0,Caucasian,Female,over_65,Unknown,Unknown,South,0.8,130.0,142.0,,75.0,96.0,18.0,58.0
356684,133,0,Caucasian,Male,over_65,Unknown,Unknown,South,1.0,150.0,185.0,,,,,50.0
356949,112,0,Caucasian,Male,under_45,Unknown,Unknown,South,2.2,125.0,,,98.0,99.0,15.0,34.0
357166,133,0,African American,Male,under_45,Unknown,Unknown,South,3.0,140.0,141.0,,105.0,96.0,26.0,53.0
361404,138,0,African American,Female,45_65,Unknown,Unknown,Midwest,1.0,140.0,128.0,,80.0,97.0,16.0,52.0
363006,138,0,Caucasian,Female,under_45,Unknown,Unknown,Midwest,,,,,82.0,97.0,,14.0
364998,125,0,African American,Male,under_45,Unknown,Unknown,South,1.1,142.0,82.0,3.9,64.0,100.0,,13.0
365045,123,0,Caucasian,Male,under_45,Unknown,Unknown,South,2.4,138.0,51.0,4.8,,,,10.0
365652,115,0,Caucasian,Male,under_45,Unknown,Unknown,South,0.92,136.0,352.0,4.25,,,,15.0
367912,122,0,African American,Female,45_65,Unknown,Unknown,South,0.47,139.0,136.0,3.8,108.0,,24.0,70.0
368911,112,0,Caucasian,Male,under_45,Unknown,Unknown,South,1.1,142.0,147.0,,94.0,98.0,19.0,56.0
369237,112,0,Asian,Male,under_45,Unknown,Unknown,South,3.3,144.0,109.0,4.8,78.0,98.0,13.0,69.0
369273,120,0,Caucasian,Male,45_65,Unknown,Unknown,South,3.7,137.0,391.0,3.8,70.0,97.0,18.0,35.0
370128,120,0,Unknown,Male,Unknown,Unknown,Unknown,South,1.6,129.0,299.0,3.9,102.0,97.0,30.0,53.0
371003,123,0,Caucasian,Male,under_45,Unknown,Unknown,South,1.3,132.0,467.0,6.9,,,,25.0
372007,115,0,Caucasian,Male,under_45,Unknown,Unknown,South,0.7150000000000001,136.5,221.0,4.0,,,,-1.0
373392,125,0,Caucasian,Male,under_45,Unknown,Unknown,South,1.3,140.0,107.0,4.0,79.0,97.0,,23.0
374770,115,0,Caucasian,Male,under_45,Unknown,Unknown,South,0.61,133.0,235.0,4.3,72.0,98.0,19.0,24.0
375705,123,0,Unknown,Male,under_45,Unknown,Unknown,South,1.4,134.0,594.0,,,,,8.0
375706,123,0,Unknown,Male,under_45,Unknown,Unknown,South,,,,,,,,
375725,125,0,Caucasian,Female,under_45,Unknown,Unknown,South,0.55,144.0,110.0,5.1,81.0,98.0,,28.0
375854,131,0,Caucasian,Male,under_45,Unknown,Unknown,South,0.52,134.0,82.0,4.0,93.0,100.0,,
375855,131,0,Caucasian,Male,under_45,Unknown,Unknown,South,0.64,138.0,90.0,4.0,75.0,100.0,,
376041,120,0,Caucasian,Female,over_65,Unknown,Unknown,South,1.2,142.0,162.0,3.8,,,,41.0
378120,122,0,African American,Female,45_65,Unknown,Unknown,South,1.055,138.45,112.0,3.6,93.0,99.0,17.0,53.0
379119,131,0,Caucasian,Male,under_45,Unknown,Unknown,South,0.63,137.5,99.0,4.05,103.0,97.0,,
379570,133,0,African American,Female,under_45,Unknown,Unknown,South,0.7,139.0,97.0,,79.0,100.0,17.0,21.0
380316,125,0,Caucasian,Female,under_45,Unknown,Unknown,South,0.905,141.0,156.5,3.6,83.0,99.0,,11.0
380558,138,0,Caucasian,Male,under_45,Unknown,Unknown,Midwest,0.8500000000000001,141.5,96.0,4.199999999999999,70.0,99.0,17.0,58.0
381129,122,0,Caucasian,Female,over_65,Unknown,Unknown,South,0.82,140.0,185.0,4.2,68.0,96.0,17.0,34.0
382892,123,0,Unknown,Female,under_45,Unknown,Unknown,South,,,,,,,,
382893,123,0,Unknown,Female,under_45,Unknown,Unknown,South,1.1,141.0,85.0,3.0,,,,
383124,138,0,Caucasian,Female,under_45,Unknown,Unknown,Midwest,,,,,78.0,98.0,18.0,23.0
383358,131,1,Caucasian,Female,over_65,Unknown,Unknown,South,0.73,140.0,116.0,4.0,65.0,100.0,,
384028,122,0,Caucasian,Female,over_65,Unknown,Unknown,South,0.72,142.0,172.5,4.025,84.0,94.0,20.0,64.0
384485,131,0,Caucasian,Female,over_65,Unknown,Unknown,South,0.685,139.0,159.0,3.95,70.0,99.0,,
384486,131,0,Caucasian,Female,over_65,Unknown,Unknown,South,0.71,137.0,142.0,4.1,64.0,98.0,,
384487,131,0,Caucasian,Female,over_65,Unknown,Unknown,South,,,,,,,,
386342,123,0,Caucasian,Male,over_65,Unknown,Unknown,South,0.6,144.0,197.0,,,,,23.0
386343,123,0,Caucasian,Male,over_65,Unknown,Unknown,South,,,,,,,,
387623,112,0,Caucasian,Male,over_65,Unknown,Unknown,South,0.9,108.0,127.0,3.2,84.0,97.0,12.0,75.0
387984,133,0,Caucasian,Female,over_65,Unknown,Unknown,South,2.2,144.0,109.0,3.9,68.0,94.0,18.0,49.0
389048,120,0,African American,Female,Unknown,Unknown,Unknown,South,2.6,135.0,482.0,,91.0,100.0,14.0,54.0
389703,131,1,African American,Female,over_65,Unknown,Unknown,South,1.22,142.5,134.0,3.85,101.0,97.0,22.0,
389791,138,0,Caucasian,Female,45_65,Unknown,Unknown,Midwest,0.8,142.0,123.0,,71.5,96.0,19.0,31.0
390956,115,0,Caucasian,Female,over_65,Unknown,Unknown,South,,,,,,,,34.0
391704,133,0,Caucasian,Female,over_65,Unknown,Unknown,South,1.2,138.0,151.0,,118.0,100.0,38.0,
392935,115,0,Caucasian,Male,under_45,Unknown,Unknown,South,,,,,,,,9.0
393769,138,0,African American,Female,45_65,Unknown,Unknown,Midwest,1.4,150.0,98.0,,63.0,98.0,17.0,58.0
393867,133,0,Caucasian,Male,45_65,Unknown,Unknown,South,0.7,,,,84.0,96.0,24.0,46.0
394057,115,0,Caucasian,Male,45_65,Unknown,Unknown,South,1.68,141.0,120.5,3.65,,,,
395257,138,0,Other/Unknown,Female,under_45,Unknown,Unknown,Midwest,,,,,83.0,100.0,16.0,21.0
395323,110,0,Caucasian,Male,under_45,Unknown,Unknown,South,3.37,138.0,111.0,4.4,78.0,98.0,,12.0
395649,133,0,Caucasian,Male,45_65,Unknown,Unknown,South,0.8,141.0,95.0,,87.0,96.0,21.0,33.0
399074,120,0,African American,Female,under_45,Unknown,Unknown,South,0.9,138.0,100.0,,87.0,99.0,19.0,20.0
399365,115,0,Caucasian,Male,45_65,Unknown,Unknown,South,2.03,144.0,241.0,4.0,102.0,97.0,22.0,46.0
399455,112,0,Caucasian,Female,under_45,Unknown,Unknown,South,0.7,142.0,81.0,3.1,82.0,98.0,18.0,24.0
399713,133,0,Caucasian,Female,over_65,Unknown,Unknown,South,1.0,143.0,191.0,4.1,109.0,95.0,19.0,59.0
401176,123,0,Caucasian,Male,under_45,Unknown,Unknown,South,,,,,,,,
401177,123,0,Caucasian,Male,under_45,Unknown,Unknown,South,1.0,131.0,633.0,,,,,32.0
402604,115,0,Caucasian,Male,over_65,Unknown,Unknown,South,0.72,140.0,104.0,3.8,,,,-1.0
402918,110,0,African American,Female,45_65,Unknown,Unknown,South,1.0,141.0,75.0,4.0,66.0,98.0,18.0,39.0
403279,138,0,African American,Female,45_65,Unknown,Unknown,Midwest,1.0,142.0,90.0,2.6,72.0,97.0,17.0,30.0
403605,122,0,African American,Male,under_45,Unknown,Unknown,South,0.78,137.0,106.0,4.0,79.0,97.0,19.0,36.0
404144,123,0,Caucasian,Male,under_45,Unknown,Unknown,South,1.4,135.0,418.0,,,,,24.0
404616,115,1,Caucasian,Male,45_65,Unknown,Unknown,South,,,,,,,,
404832,125,0,Caucasian,Female,under_45,Unknown,Unknown,South,0.6599999999999999,143.0,82.0,3.3,73.0,98.0,,26.0
405340,133,0,Caucasian,Male,45_65,Unknown,Unknown,South,0.9,139.0,110.0,4.2,81.0,98.0,23.0,-1.0
405746,122,0,African American,Female,45_65,Unknown,Unknown,South,1.07,137.95,87.5,3.89,69.0,98.0,17.0,30.0
408514,122,0,Caucasian,Male,45_65,Unknown,Unknown,South,1.45,140.0,111.0,3.9,70.0,96.0,18.0,41.0
409048,112,0,Caucasian,Female,45_65,Unknown,Unknown,South,0.8,138.0,115.0,,104.0,99.0,16.0,38.0
410108,115,0,Caucasian,Female,over_65,Unknown,Unknown,South,,,,,,,,
410109,115,0,Caucasian,Female,over_65,Unknown,Unknown,South,,,,,,,,
411036,138,0,African American,Female,45_65,Unknown,Unknown,Midwest,0.9,142.0,,4.0,82.0,98.0,17.0,45.0
414364,123,0,Unknown,Male,under_45,Unknown,Unknown,South,1.8,127.0,896.0,,,,,
416103,115,0,Caucasian,Male,over_65,Unknown,Unknown,South,0.6000000000000001,141.5,106.5,4.0,105.0,100.0,15.0,49.0
417265,120,0,Unknown,Female,under_45,Unknown,Unknown,South,,,,,81.0,99.0,18.0,22.0
417524,122,0,African American,Female,45_65,Unknown,Unknown,South,1.205,142.15,128.0,3.4,56.0,96.0,20.0,40.0
417576,122,0,Caucasian,Female,45_65,Unknown,Unknown,South,,,,,,,,
417577,122,0,Caucasian,Female,45_65,Unknown,Unknown,South,0.905,139.7,96.5,3.74,83.0,99.0,20.0,49.0
417578,122,0,Caucasian,Female,45_65,Unknown,Unknown,South,0.9,137.0,118.5,3.6,95.0,99.0,20.0,
418417,133,0,Caucasian,Female,45_65,Unknown,Unknown,South,1.0,139.0,113.0,,63.0,97.0,14.0,38.0
419678,123,0,Caucasian,Male,over_65,Unknown,Unknown,South,1.1,139.0,108.0,,,,,29.0
420354,125,0,Caucasian,Male,over_65,Unknown,Unknown,South,1.4,137.0,100.0,3.8,77.0,96.0,,48.0
420865,115,0,Caucasian,Female,over_65,Unknown,Unknown,South,0.39,139.0,121.5,3.9,,,,
425870,141,0,Hispanic,Male,over_65,Unknown,Unknown,South,1.45,145.0,94.0,4.5,83.0,99.0,21.0,63.0
426975,142,1,Hispanic,Male,over_65,Unknown,Unknown,South,1.4,140.0,154.5,4.45,70.0,100.0,20.0,
426976,142,1,Hispanic,Male,over_65,Unknown,Unknown,South,1.285,138.0,185.5,4.1,74.0,99.0,23.0,
430845,140,0,Hispanic,Male,45_65,Unknown,Unknown,South,1.25,134.0,225.5,5.199999999999999,98.0,98.0,23.0,61.0
431760,142,0,Hispanic,Female,45_65,Unknown,Unknown,South,6.699999999999999,132.0,154.0,4.3,93.0,100.0,21.0,67.0
436624,143,0,Hispanic,Male,over_65,Unknown,Unknown,Unknown,1.4,140.0,94.5,5.1,89.0,98.0,19.0,70.0
436993,143,0,Hispanic,Male,over_65,Unknown,Unknown,Unknown,1.6,141.0,96.0,4.0,91.0,100.0,16.0,82.0
439621,144,0,Hispanic,Female,under_45,Unknown,Unknown,South,0.47,131.5,368.0,4.550000000000001,77.0,99.0,14.0,37.0
441732,141,1,Hispanic,Male,over_65,Unknown,Unknown,South,0.9,138.0,124.0,4.1,68.0,98.0,14.0,57.0
443664,141,0,Hispanic,Female,under_45,Unknown,Unknown,South,0.46,140.0,124.0,3.9,113.0,96.0,26.0,24.0
444241,141,0,Hispanic,Female,under_45,Unknown,Unknown,South,1.37,134.5,179.5,4.25,114.0,96.0,29.0,39.0
444692,140,0,Hispanic,Male,over_65,Unknown,Unknown,South,7.5,136.0,201.0,3.2,82.0,100.0,20.0,46.0
445750,143,1,Hispanic,Male,over_65,Unknown,Unknown,Unknown,0.7,138.0,108.0,3.1,39.0,98.0,15.0,82.0
447542,143,1,Hispanic,Male,over_65,Unknown,Unknown,Unknown,1.8,146.0,128.0,3.7,88.0,97.0,25.0,68.0
447543,143,1,Hispanic,Male,over_65,Unknown,Unknown,Unknown,4.199999999999999,129.0,104.0,4.0,79.0,100.0,22.0,112.0
450383,141,0,Caucasian,Male,45_65,Unknown,Unknown,South,0.71,134.5,103.5,4.0,91.0,99.0,18.0,23.0
453326,143,0,Hispanic,Male,over_65,Unknown,Unknown,Unknown,1.3,141.0,96.0,3.9,94.0,100.0,18.0,45.0
453764,140,0,African American,Female,45_65,Unknown,Unknown,South,0.75,141.0,102.0,3.8,94.0,98.0,17.0,58.0
454240,140,0,Hispanic,Female,45_65,Unknown,Unknown,South,0.5,139.5,89.0,3.4,82.0,98.0,21.0,49.0
454584,144,0,African American,Female,45_65,Unknown,Unknown,South,0.55,146.0,232.0,3.7,91.0,100.0,18.0,
466465,144,0,African American,Female,over_65,Unknown,Unknown,South,0.625,142.0,126.5,3.65,85.0,100.0,19.0,
467819,142,0,Hispanic,Male,over_65,Unknown,Unknown,South,2.655,140.5,75.0,3.4,58.0,97.0,19.5,64.0
468560,140,0,Other/Unknown,Male,under_45,Unknown,Unknown,South,1.47,136.0,305.0,4.3,96.0,100.0,20.0,53.0
469890,143,0,Hispanic,Male,over_65,Unknown,Unknown,Unknown,1.2,141.0,78.0,3.7,66.0,95.0,21.0,42.0
472359,144,0,African American,Female,45_65,Unknown,Unknown,South,1.78,141.0,250.0,4.0,112.0,92.0,30.0,61.0
472360,144,0,African American,Female,45_65,Unknown,Unknown,South,0.62,141.0,166.0,3.4,99.0,92.0,21.0,68.0
472811,142,0,Hispanic,Male,45_65,Unknown,Unknown,South,0.48,139.0,151.0,3.7,75.0,96.0,18.0,36.0
472969,141,0,Hispanic,Male,under_45,Unknown,Unknown,South,0.61,133.0,189.0,3.5,119.0,97.0,30.0,30.0
475290,144,0,Hispanic,Female,under_45,Unknown,Unknown,South,0.67,141.0,171.0,3.75,99.0,100.0,17.0,23.0
475792,144,0,Hispanic,Male,over_65,Unknown,Unknown,South,0.985,138.0,140.5,3.8,86.0,98.0,22.0,85.0
479455,144,0,Other/Unknown,Female,under_45,Unknown,Unknown,South,0.69,139.0,191.0,3.8,96.0,100.0,21.0,44.0
482789,143,0,Hispanic,Male,over_65,Unknown,Unknown,Unknown,1.6,144.0,103.0,3.5,81.0,100.0,18.0,31.0
483209,142,0,Hispanic,Male,over_65,Unknown,Unknown,South,0.885,145.0,190.0,3.7,82.0,100.0,20.0,74.0
485952,144,0,Hispanic,Female,under_45,Unknown,Unknown,South,0.39,141.5,130.0,3.8,78.0,99.0,14.0,39.0
486824,144,0,Other/Unknown,Female,45_65,Unknown,Unknown,South,0.76,139.0,95.5,3.8,67.0,100.0,16.5,41.0
489459,142,0,Hispanic,Male,45_65,Unknown,Unknown,South,0.74,137.0,124.0,3.2,63.0,97.0,17.0,29.0
490454,143,0,Hispanic,Male,over_65,Unknown,Unknown,Unknown,2.6,142.0,97.0,4.3,68.0,95.0,17.0,55.0
490809,142,0,Hispanic,Male,over_65,Unknown,Unknown,South,0.88,142.0,197.0,3.7,97.0,99.0,21.0,72.0
493862,141,0,Hispanic,Male,under_45,Unknown,Unknown,South,0.905,140.5,127.0,4.05,76.0,97.0,17.0,13.0
494366,140,0,Hispanic,Female,over_65,Unknown,Unknown,South,0.69,142.0,98.0,3.4,86.0,97.0,22.0,56.0
496831,142,0,Hispanic,Male,over_65,Unknown,Unknown,South,0.87,139.0,116.0,4.1,70.0,100.0,21.0,48.0
496980,140,0,Hispanic,Male,45_65,Unknown,Unknown,South,1.1,141.5,151.0,3.9,89.0,96.0,17.0,41.0
498515,140,0,Hispanic,Male,over_65,Unknown,Unknown,South,8.85,134.5,179.5,4.3,95.0,98.0,23.0,62.0
498848,141,0,Hispanic,Male,45_65,Unknown,Unknown,South,1.0550000000000002,138.5,106.0,4.6,95.0,97.0,24.0,
498849,141,0,Hispanic,Male,45_65,Unknown,Unknown,South,0.93,135.0,101.0,4.1,101.0,98.0,24.0,
499328,144,0,Caucasian,Male,over_65,Unknown,Unknown,South,1.29,141.0,99.0,3.5,68.0,97.0,16.0,43.0
503222,140,1,Hispanic,Male,over_65,Unknown,Unknown,South,0.6,144.0,57.0,4.9,71.0,95.0,33.0,89.0
506770,140,1,Hispanic,Male,over_65,Unknown,Unknown,South,1.62,141.0,313.0,3.6,121.0,95.0,25.0,83.0
508973,142,0,Hispanic,Female,over_65,Unknown,Unknown,South,1.17,139.0,101.0,3.7,85.0,99.0,14.0,105.0
509023,144,0,Asian,Female,over_65,Unknown,Unknown,South,1.16,145.0,150.0,3.1,71.0,90.0,26.0,-1.0
514387,140,0,Caucasian,Female,over_65,Unknown,Unknown,South,1.1,138.0,75.0,4.2,79.0,100.0,18.0,60.0
518155,143,0,Hispanic,Male,over_65,Unknown,Unknown,Unknown,1.2,125.5,95.5,4.55,53.0,96.0,13.0,52.0
520522,142,0,Other/Unknown,Female,45_65,Unknown,Unknown,South,0.54,141.0,151.0,3.9,89.0,96.0,20.0,54.0
521456,143,0,Hispanic,Male,over_65,Unknown,Unknown,Unknown,0.6,139.0,160.0,4.1,79.0,98.0,25.0,99.0
523787,143,0,Hispanic,Female,over_65,Unknown,Unknown,Unknown,0.5,131.0,100.0,3.5,95.0,100.0,22.0,64.0
524799,142,0,African American,Female,under_45,Unknown,Unknown,South,0.455,139.0,108.5,3.7,67.0,100.0,15.0,44.0
525046,144,1,Other/Unknown,Female,under_45,Unknown,Unknown,South,2.81,149.0,216.0,3.6,128.0,100.0,18.0,148.0
529415,144,0,Caucasian,Female,under_45,Unknown,Unknown,South,0.585,141.0,179.0,3.7,108.0,99.0,16.0,
531662,142,0,Hispanic,Male,45_65,Unknown,Unknown,South,0.605,136.0,117.0,4.3,87.0,98.0,18.0,47.0
531806,143,0,Other/Unknown,Male,over_65,Unknown,Unknown,Unknown,1.3,148.0,113.0,4.5,60.0,100.0,19.5,49.0
532222,141,0,Hispanic,Male,over_65,Unknown,Unknown,South,0.99,135.0,139.0,4.4,82.0,98.0,24.0,56.0
532223,141,0,Hispanic,Male,over_65,Unknown,Unknown,South,0.77,139.5,120.0,4.0,85.0,98.0,23.0,57.0
533168,141,0,Hispanic,Male,over_65,Unknown,Unknown,South,1.13,141.5,96.0,3.55,82.0,94.0,22.0,52.0
534579,175,0,Caucasian,Male,over_65,Unknown,Unknown,West,0.6499999999999999,138.5,136.0,4.25,73.0,93.0,16.0,43.0
535166,176,0,Caucasian,Male,45_65,Unknown,Unknown,Unknown,0.79,139.0,105.0,3.9,61.0,97.0,14.0,31.0
538214,179,0,Caucasian,Male,over_65,Unknown,Unknown,West,1.355,142.5,98.0,4.2,73.0,97.0,19.0,
539481,171,0,Caucasian,Male,over_65,Unknown,Unknown,West,0.86,139.0,104.0,4.0,66.0,,14.5,
539482,171,0,Caucasian,Male,over_65,Unknown,Unknown,West,0.945,137.0,74.5,3.8,65.0,97.0,13.0,46.0
542874,165,0,Caucasian,Female,under_45,Unknown,Unknown,West,1.165,138.5,200.0,4.199999999999999,76.0,100.0,16.0,55.0
544158,146,0,Caucasian,Male,under_45,Unknown,Unknown,West,0.7,134.0,324.0,4.1,,96.0,,
544159,146,0,Caucasian,Male,under_45,Unknown,Unknown,West,0.7,135.0,184.0,4.1,100.0,96.0,17.0,
547539,164,0,Caucasian,Male,over_65,Unknown,Unknown,West,1.2000000000000002,138.0,129.5,4.05,100.0,97.0,15.0,
547540,164,0,Caucasian,Male,over_65,Unknown,Unknown,West,1.0,137.0,102.0,3.4,94.0,95.0,17.0,44.0
550209,167,0,Caucasian,Female,under_45,Unknown,Unknown,West,1.15,137.0,84.0,4.2,75.0,97.0,15.0,35.0
558719,174,0,Caucasian,Female,over_65,Unknown,Unknown,West,1.35,141.0,197.5,3.5,119.0,95.0,24.0,
558720,174,0,Caucasian,Female,over_65,Unknown,Unknown,West,1.63,141.0,151.0,3.65,,,,
562010,165,0,Caucasian,Male,45_65,Unknown,Unknown,West,0.88,139.0,96.0,4.1,90.0,94.0,24.0,
562011,165,0,Caucasian,Male,45_65,Unknown,Unknown,West,0.93,145.0,125.0,3.9,93.0,94.0,21.0,
562305,146,0,Caucasian,Male,under_45,Unknown,Unknown,West,0.9,136.0,241.5,4.15,85.0,98.0,16.0,25.0
563516,152,0,Caucasian,Male,over_65,Unknown,Unknown,West,1.3050000000000002,137.5,137.0,3.65,77.0,94.0,17.0,
563517,152,0,Caucasian,Male,over_65,Unknown,Unknown,West,1.58,139.0,141.0,3.9,85.0,93.0,19.0,
564216,157,0,Caucasian,Male,45_65,Unknown,Unknown,West,1.6749999999999998,134.0,118.0,4.0,98.0,96.0,17.0,91.0
564484,171,0,Caucasian,Male,under_45,Unknown,Unknown,West,9.28,133.0,93.5,4.550000000000001,102.0,94.0,19.0,
564485,171,0,Caucasian,Male,under_45,Unknown,Unknown,West,8.24,134.0,109.0,4.9,106.5,97.0,17.5,
564486,171,0,Caucasian,Male,under_45,Unknown,Unknown,West,11.7,131.0,104.0,5.0,93.0,94.0,21.0,
568432,175,0,Caucasian,Female,45_65,Unknown,Unknown,West,0.8,140.0,236.5,4.3,103.0,96.0,18.0,41.0
569865,164,0,Caucasian,Male,45_65,Unknown,Unknown,West,1.1,139.0,104.0,4.3,109.0,97.0,17.0,59.0
570071,155,0,Caucasian,Male,over_65,Unknown,Unknown,West,0.54,133.0,176.0,3.75,83.0,97.0,11.0,
570072,155,0,Caucasian,Male,over_65,Unknown,Unknown,West,0.62,131.0,92.0,3.7,85.0,96.0,11.0,
570073,155,0,Caucasian,Male,over_65,Unknown,Unknown,West,,,,,88.0,96.0,12.0,
570085,154,0,Caucasian,Female,over_65,Unknown,Unknown,West,1.97,143.0,164.5,3.95,89.0,92.0,21.0,
570086,154,0,Caucasian,Female,over_65,Unknown,Unknown,West,2.04,141.0,101.0,3.8,95.0,93.0,20.0,
570087,154,0,Caucasian,Female,over_65,Unknown,Unknown,West,1.93,136.0,96.0,4.0,101.0,93.0,22.0,
572556,157,0,Caucasian,Male,under_45,Unknown,Unknown,West,4.8,140.0,80.0,4.8,99.0,99.0,25.0,64.0
572557,157,0,Caucasian,Male,under_45,Unknown,Unknown,West,4.535,140.0,97.5,4.55,63.0,99.0,17.0,112.0
572558,157,0,Caucasian,Male,under_45,Unknown,Unknown,West,3.96,138.0,89.0,4.3,101.0,93.0,19.5,
575229,158,0,Caucasian,Male,under_45,Unknown,Unknown,West,0.6499999999999999,140.0,89.5,3.95,80.0,98.0,12.0,
575230,158,0,Caucasian,Male,under_45,Unknown,Unknown,West,0.8500000000000001,138.5,71.5,4.65,104.0,97.0,10.0,
575545,167,0,Caucasian,Female,over_65,Unknown,Unknown,West,0.46,143.0,124.5,3.85,73.0,95.0,14.0,72.0
576214,158,0,Caucasian,Male,over_65,Unknown,Unknown,West,1.3,138.5,211.0,4.2,64.0,93.0,17.0,
576215,158,0,Caucasian,Male,over_65,Unknown,Unknown,West,,,,,,,,
578187,167,0,Caucasian,Female,under_45,Unknown,Unknown,West,0.775,141.5,82.5,3.8,92.0,99.0,21.0,58.0
580972,174,0,Other/Unknown,Male,under_45,Unknown,Unknown,West,0.96,141.5,90.5,4.3,73.0,97.0,14.0,16.0
583820,179,0,Caucasian,Female,over_65,Unknown,Unknown,West,,,,,63.0,91.0,22.0,
583821,179,0,Caucasian,Female,over_65,Unknown,Unknown,West,1.225,143.0,135.5,3.5,61.0,,23.0,
585971,148,0,Caucasian,Male,over_65,Unknown,Unknown,West,1.365,140.0,180.5,4.2,96.0,99.0,18.0,
585972,148,0,Caucasian,Male,over_65,Unknown,Unknown,West,1.035,141.0,178.0,3.75,97.0,95.0,16.0,
586648,154,0,Caucasian,Male,over_65,Unknown,Unknown,West,0.845,146.5,116.5,3.8,80.0,95.0,16.0,94.0
587426,164,1,Caucasian,Female,over_65,Unknown,Unknown,West,0.7,131.0,102.0,4.3,95.0,95.0,20.0,61.0
589909,157,0,Caucasian,Male,under_45,Unknown,Unknown,West,4.05,139.0,104.5,4.300000000000001,78.0,99.0,16.0,80.0
592062,179,0,Caucasian,Male,over_65,Unknown,Unknown,West,0.6,139.0,120.0,4.3,112.0,98.0,31.0,
592106,171,0,African American,Male,over_65,Unknown,Unknown,West,1.705,139.5,114.5,4.0,70.0,94.0,18.0,
592107,171,0,African American,Male,over_65,Unknown,Unknown,West,1.715,140.0,161.0,3.7,69.0,96.0,18.0,
592108,171,0,African American,Male,over_65,Unknown,Unknown,West,1.72,141.0,135.0,3.75,70.0,95.0,17.0,
593654,146,0,Caucasian,Male,45_65,Unknown,Unknown,West,1.15,139.5,92.0,4.0,67.0,,16.0,
598211,171,0,Hispanic,Male,under_45,Unknown,Unknown,West,0.955,142.5,90.0,3.05,108.0,96.0,18.0,20.0
598212,171,0,Hispanic,Male,under_45,Unknown,Unknown,West,0.71,136.0,98.0,3.9,,,,
599651,152,0,Caucasian,Male,45_65,Unknown,Unknown,West,1.01,136.5,144.5,4.5,77.0,96.0,21.0,81.0
600169,155,0,Caucasian,Female,under_45,Unknown,Unknown,West,,,,,56.0,97.0,16.0,
600171,155,0,Caucasian,Female,under_45,Unknown,Unknown,West,,,,,50.0,,19.0,
600501,174,0,Other/Unknown,Male,over_65,Unknown,Unknown,West,4.69,142.0,91.0,4.1,66.0,95.0,18.0,42.0
602216,174,0,Caucasian,Male,under_45,Unknown,Unknown,West,1.21,141.0,109.0,3.6,88.0,99.0,16.0,
603253,165,0,Caucasian,Male,45_65,Unknown,Unknown,West,0.7,137.0,112.0,3.8,83.0,95.0,17.0,
603254,165,0,Caucasian,Male,45_65,Unknown,Unknown,West,0.59,140.5,112.0,4.1,94.0,96.0,18.0,
603255,165,0,Caucasian,Male,45_65,Unknown,Unknown,West,0.67,141.0,141.0,4.5,45.0,99.0,19.0,
608373,155,0,Caucasian,Male,45_65,Unknown,Unknown,West,0.54,133.0,90.0,3.6,63.0,93.0,19.0,
608375,155,0,Caucasian,Male,45_65,Unknown,Unknown,West,0.64,141.0,122.0,4.4,86.0,94.0,18.0,76.0
608479,174,0,Caucasian,Male,45_65,Unknown,Unknown,West,1.21,141.5,106.5,3.8,71.0,94.0,19.0,37.0
609949,146,0,Hispanic,Female,45_65,Unknown,Unknown,West,1.1,136.0,87.0,4.0,48.0,99.0,16.0,57.0
616271,146,0,Caucasian,Male,over_65,Unknown,Unknown,West,1.35,137.5,98.0,4.2,83.0,96.0,16.0,
616272,146,0,Caucasian,Male,over_65,Unknown,Unknown,West,1.85,136.0,107.0,4.35,116.0,97.0,15.0,
616273,146,0,Caucasian,Male,over_65,Unknown,Unknown,West,,,,,127.0,95.0,13.0,44.0
618867,176,0,Hispanic,Female,45_65,Unknown,Unknown,Unknown,0.74,138.0,91.0,3.6,89.0,98.0,25.0,63.0
624150,175,0,Caucasian,Female,45_65,Unknown,Unknown,West,0.5,132.5,173.0,4.05,95.0,96.0,19.0,44.0
626098,164,0,Caucasian,Male,45_65,Unknown,Unknown,West,0.83,142.0,107.0,3.6,86.0,99.0,23.0,45.0
628328,165,0,Other/Unknown,Male,over_65,Unknown,Unknown,West,0.79,135.0,194.0,3.9,78.0,100.0,16.0,
628329,165,0,Other/Unknown,Male,over_65,Unknown,Unknown,West,0.925,137.5,126.5,4.05,89.0,97.0,20.0,
631264,179,0,Caucasian,Female,over_65,Unknown,Unknown,West,1.25,137.5,114.0,3.25,71.0,97.0,24.0,
633866,171,0,African American,Female,under_45,Unknown,Unknown,West,0.495,136.5,135.5,4.0,80.0,96.0,16.0,34.0
634295,158,0,Other/Unknown,Male,under_45,Unknown,Unknown,West,0.8,140.0,92.0,3.5,120.0,,,
634296,158,0,Other/Unknown,Male,under_45,Unknown,Unknown,West,,,,,99.5,96.0,25.0,
634297,158,0,Other/Unknown,Male,under_45,Unknown,Unknown,West,0.6,140.0,96.0,3.7,88.0,97.0,26.0,
635827,157,1,Caucasian,Male,45_65,Unknown,Unknown,West,2.37,144.0,139.0,3.8,104.0,98.0,9.0,98.0
636187,146,0,Caucasian,Male,under_45,Unknown,Unknown,West,0.8500000000000001,136.0,288.5,4.35,104.0,97.0,17.0,31.0
638579,152,0,Caucasian,Male,45_65,Unknown,Unknown,West,1.0,137.0,109.5,4.2,81.0,97.0,14.0,72.0
638580,152,0,Caucasian,Male,45_65,Unknown,Unknown,West,1.01,134.0,134.0,5.1,95.5,,23.0,
639916,167,0,Caucasian,Male,under_45,Unknown,Unknown,West,,,,,,,,
639917,167,0,Caucasian,Male,under_45,Unknown,Unknown,West,0.9,140.5,94.0,3.65,64.0,98.0,18.0,54.0
640260,158,0,Caucasian,Female,45_65,Unknown,Unknown,West,1.0,144.0,112.0,3.5,63.0,,,
640795,152,0,Caucasian,Male,over_65,Unknown,Unknown,West,1.74,135.0,114.0,4.2,57.0,95.0,24.0,
640796,152,0,Caucasian,Male,over_65,Unknown,Unknown,West,1.35,137.0,140.0,4.0,89.0,96.0,21.0,48.0
642374,179,0,Caucasian,Male,under_45,Unknown,Unknown,West,2.35,136.0,314.0,4.25,,,,
642773,155,0,Caucasian,Male,over_65,Unknown,Unknown,West,0.76,136.0,161.0,4.7,82.5,95.0,13.0,
642774,155,0,Caucasian,Male,over_65,Unknown,Unknown,West,0.96,138.5,104.0,4.3,93.0,95.0,17.0,
646513,179,0,Caucasian,Female,over_65,Unknown,Unknown,West,1.2,144.0,126.0,3.4,147.0,,29.0,
646514,179,0,Caucasian,Female,over_65,Unknown,Unknown,West,1.1,146.0,100.0,3.4,71.0,,27.0,
650415,171,0,Caucasian,Male,over_65,Unknown,Unknown,West,0.72,138.0,182.0,3.9,69.0,93.0,30.0,
650416,171,0,Caucasian,Male,over_65,Unknown,Unknown,West,0.68,138.0,132.0,3.95,57.0,93.0,23.0,
650417,171,0,Caucasian,Male,over_65,Unknown,Unknown,West,0.69,136.5,202.5,3.7,84.0,92.0,32.0,
654191,146,0,Caucasian,Male,under_45,Unknown,Unknown,West,0.8,133.0,384.0,4.1,91.0,98.0,,26.0
654286,157,0,Caucasian,Female,over_65,Unknown,Unknown,West,0.8049999999999999,138.5,143.0,4.1,109.0,96.0,23.0,70.0
654287,157,0,Caucasian,Female,over_65,Unknown,Unknown,West,0.58,139.0,104.0,4.15,,,,
662090,154,0,Caucasian,Female,over_65,Unknown,Unknown,West,0.73,135.0,172.0,3.65,,,,
662091,154,0,Caucasian,Female,over_65,Unknown,Unknown,West,0.92,137.0,222.0,3.9,72.0,95.0,18.0,33.0
663908,155,0,Caucasian,Female,over_65,Unknown,Unknown,West,,,,,90.0,94.0,21.0,
663910,155,0,Caucasian,Female,over_65,Unknown,Unknown,West,0.8300000000000001,141.5,134.5,4.8,91.0,94.0,17.0,
664474,148,0,Caucasian,Male,45_65,Unknown,Unknown,West,0.73,138.0,152.0,4.15,102.0,98.0,24.0,52.0
671292,165,0,Other/Unknown,Male,over_65,Unknown,Unknown,West,1.24,137.0,127.0,4.2,79.0,97.0,18.0,
671293,165,0,Other/Unknown,Male,over_65,Unknown,Unknown,West,1.475,139.0,120.5,4.35,71.0,97.0,16.0,
674731,175,0,Caucasian,Female,over_65,Unknown,Unknown,West,0.7,141.0,106.0,3.8,84.0,96.0,25.0,
675037,175,0,Caucasian,Male,over_65,Unknown,Unknown,West,1.4,139.0,107.0,3.4,81.0,93.0,21.0,58.0
675038,175,0,Caucasian,Male,over_65,Unknown,Unknown,West,0.8,141.0,110.0,3.9,81.0,93.0,19.0,
678372,158,0,Caucasian,Male,over_65,Unknown,Unknown,West,1.6,139.0,107.0,4.7,82.0,,,
678373,158,0,Caucasian,Male,over_65,Unknown,Unknown,West,2.1,136.0,159.0,5.2,75.0,96.0,11.0,48.0
679747,158,0,Caucasian,Male,under_45,Unknown,Unknown,West,,,,,,,,
679748,158,0,Caucasian,Male,under_45,Unknown,Unknown,West,1.1,140.5,79.5,4.15,64.0,96.0,14.0,
681744,157,1,Caucasian,Male,45_65,Unknown,Unknown,West,,,,,111.0,,26.0,
681745,157,1,Caucasian,Male,45_65,Unknown,Unknown,West,2.3600000000000003,136.5,190.0,5.2,79.5,94.0,25.0,70.0
688013,158,0,Caucasian,Male,45_65,Unknown,Unknown,West,1.2,142.0,93.0,4.4,76.0,94.0,16.0,17.0
688938,148,0,Caucasian,Female,over_65,Unknown,Unknown,West,1.035,122.0,205.0,4.4,95.0,96.0,20.0,66.0
691813,175,0,Caucasian,Female,45_65,Unknown,Unknown,West,,,,,66.0,98.0,15.0,
691814,175,0,Caucasian,Female,45_65,Unknown,Unknown,West,0.7,137.0,134.0,3.9,75.0,97.0,16.0,39.0
692381,157,0,Caucasian,Male,over_65,Unknown,Unknown,West,0.625,125.5,81.5,3.95,96.0,98.0,19.0,
692382,157,0,Caucasian,Male,over_65,Unknown,Unknown,West,0.57,122.0,97.0,4.5,103.0,98.0,20.0,71.0
694055,155,0,Caucasian,Male,over_65,Unknown,Unknown,West,0.75,138.5,131.5,3.6,65.0,98.0,17.0,93.0
694056,155,0,Caucasian,Male,over_65,Unknown,Unknown,West,0.81,138.0,101.0,3.75,84.5,97.0,20.0,
699815,158,0,Caucasian,Male,under_45,Unknown,Unknown,West,1.0,143.0,90.0,4.4,66.5,97.0,21.0,
700741,179,0,Caucasian,Female,over_65,Unknown,Unknown,West,0.81,136.0,110.0,3.8,65.0,,16.0,
701925,154,0,Caucasian,Female,over_65,Unknown,Unknown,West,1.075,141.0,168.5,3.85,79.0,97.0,19.0,70.0
701926,154,0,Caucasian,Female,over_65,Unknown,Unknown,West,0.72,141.0,148.0,4.1,70.5,96.0,25.0,
706953,165,0,Caucasian,Male,45_65,Unknown,Unknown,West,0.965,138.5,110.5,4.1,84.5,98.0,15.0,
706954,165,0,Caucasian,Male,45_65,Unknown,Unknown,West,0.93,141.0,129.0,4.4,80.0,98.0,14.0,39.0
709257,152,0,Caucasian,Female,over_65,Unknown,Unknown,West,0.7,138.0,94.0,3.9,60.0,97.0,17.0,45.0
712313,158,0,Caucasian,Male,45_65,Unknown,Unknown,West,2.0,141.0,99.0,5.4,94.0,91.0,,
717630,167,0,Caucasian,Male,45_65,Unknown,Unknown,West,1.0,139.0,84.0,4.0,68.0,96.0,16.0,
717631,167,0,Caucasian,Male,45_65,Unknown,Unknown,West,1.145,138.5,118.5,3.8,57.0,98.0,16.0,
722595,155,0,Caucasian,Male,over_65,Unknown,Unknown,West,1.0,139.0,106.0,4.2,76.0,94.0,19.0,
722596,155,0,Caucasian,Male,over_65,Unknown,Unknown,West,0.755,140.5,97.5,3.85,64.0,94.0,22.0,
725667,179,0,Caucasian,Female,over_65,Unknown,Unknown,West,1.3,143.0,97.0,4.2,58.0,97.0,17.0,
732999,146,0,Caucasian,Male,under_45,Unknown,Unknown,West,1.0,130.0,526.5,3.9,92.0,,18.0,
733082,171,1,Caucasian,Female,over_65,Unknown,Unknown,West,0.64,138.0,172.0,4.0,105.0,98.0,18.0,
733083,171,1,Caucasian,Female,over_65,Unknown,Unknown,West,0.93,140.5,90.0,4.5,126.0,90.0,24.0,130.0
733084,171,1,Caucasian,Female,over_65,Unknown,Unknown,West,0.51,142.0,133.0,3.7,,,,
733693,146,0,Caucasian,Male,under_45,Unknown,Unknown,West,0.8,134.0,185.0,4.2,110.5,95.0,,33.0
736483,179,0,Caucasian,Male,over_65,Unknown,Unknown,West,0.7,134.5,123.5,3.8,106.0,,26.0,
739483,174,0,Caucasian,Female,45_65,Unknown,Unknown,West,0.6,141.0,100.0,4.2,,,,
741995,155,1,Caucasian,Male,over_65,Unknown,Unknown,West,0.635,134.5,142.0,4.1,93.0,95.0,15.0,
741996,155,1,Caucasian,Male,over_65,Unknown,Unknown,West,1.1,137.5,155.0,4.4,95.0,94.0,21.0,71.0
752830,165,0,African American,Female,45_65,Unknown,Unknown,West,0.7949999999999999,137.0,100.0,3.95,87.0,98.0,13.0,27.0
752866,175,0,Caucasian,Female,over_65,Unknown,Unknown,West,1.0,139.0,240.0,4.7,77.0,97.0,,
752867,175,0,Caucasian,Female,over_65,Unknown,Unknown,West,0.9,142.0,175.0,4.1,84.0,96.0,18.0,
753083,146,0,Caucasian,Male,under_45,Unknown,Unknown,West,0.9,139.0,165.0,3.9,101.0,99.0,19.0,30.0
755285,167,0,Caucasian,Male,45_65,Unknown,Unknown,West,4.76,135.0,101.0,4.1,68.0,100.0,19.0,
755286,167,0,Caucasian,Male,45_65,Unknown,Unknown,West,3.66,137.0,92.0,4.1,63.0,99.0,18.5,86.0
755772,164,0,Caucasian,Female,over_65,Unknown,Unknown,West,1.18,141.0,155.0,3.6,93.0,95.0,22.0,
755773,164,0,Caucasian,Female,over_65,Unknown,Unknown,West,0.735,146.0,103.5,3.55,70.0,97.0,20.0,
755774,164,0,Caucasian,Female,over_65,Unknown,Unknown,West,0.81,148.0,129.0,3.25,82.0,94.0,22.0,35.0
756295,164,1,Caucasian,Female,45_65,Unknown,Unknown,West,1.16,148.0,102.0,3.75,100.0,96.0,18.0,118.0
757201,148,0,Caucasian,Male,over_65,Unknown,Unknown,West,1.085,138.0,92.0,4.5,60.0,99.0,26.0,74.0
757202,148,0,Caucasian,Male,over_65,Unknown,Unknown,West,0.935,136.5,114.5,4.15,60.0,97.0,33.0,
758325,148,0,Other/Unknown,Male,45_65,Unknown,Unknown,West,0.28,149.0,136.0,3.7,72.0,100.0,20.0,88.0
758326,148,0,Other/Unknown,Male,45_65,Unknown,Unknown,West,0.28,129.0,112.0,4.0,58.5,99.0,15.0,
758327,148,0,Other/Unknown,Male,45_65,Unknown,Unknown,West,0.39,143.0,136.0,4.2,90.0,97.0,20.0,49.0
758779,176,0,Caucasian,Female,over_65,Unknown,Unknown,Unknown,1.01,140.0,248.5,4.4,90.0,99.0,27.0,62.0
763979,146,0,Caucasian,Male,under_45,Unknown,Unknown,West,0.8,140.0,122.0,3.7,92.5,98.0,20.0,
763980,146,0,Caucasian,Male,under_45,Unknown,Unknown,West,0.9,137.0,230.0,3.8,88.0,98.0,,
769545,176,0,Caucasian,Male,over_65,Unknown,Unknown,Unknown,0.72,139.0,114.0,4.5,71.0,94.0,20.0,
769546,176,0,Caucasian,Male,over_65,Unknown,Unknown,Unknown,0.88,134.0,161.0,4.4,71.0,98.0,18.5,36.0
772262,165,0,Caucasian,Female,over_65,Unknown,Unknown,West,0.72,137.5,139.0,4.2,57.0,96.0,16.0,
772263,165,0,Caucasian,Female,over_65,Unknown,Unknown,West,,,,,,,,
773230,164,0,Caucasian,Female,45_65,Unknown,Unknown,West,0.61,130.5,71.0,4.199999999999999,88.5,100.0,13.0,
773231,164,0,Caucasian,Female,45_65,Unknown,Unknown,West,0.74,136.0,73.0,4.1,88.0,99.0,13.0,
773232,164,0,Caucasian,Female,45_65,Unknown,Unknown,West,0.6,127.0,129.0,3.6,103.0,96.0,17.0,
777016,167,0,Caucasian,Female,under_45,Unknown,Unknown,West,0.85,141.0,96.0,3.5,86.0,99.0,17.0,36.0
777017,167,0,Caucasian,Female,under_45,Unknown,Unknown,West,0.96,140.0,79.0,3.9,72.5,98.5,14.0,
780353,146,0,Caucasian,Male,under_45,Unknown,Unknown,West,0.5,142.0,103.0,3.55,90.0,98.0,18.0,72.0
785227,164,0,Caucasian,Female,45_65,Unknown,Unknown,West,1.0,131.0,472.0,3.6,105.0,95.0,22.0,42.0
785320,171,0,Caucasian,Male,under_45,Unknown,Unknown,West,3.65,131.0,207.0,3.6,107.0,97.0,26.0,82.0
786428,157,1,Caucasian,Male,over_65,Unknown,Unknown,West,1.635,140.5,150.5,3.85,106.0,88.0,27.0,88.0
787275,175,0,Caucasian,Female,45_65,Unknown,Unknown,West,0.6,132.0,399.0,4.2,83.0,97.5,19.0,
788008,175,0,African American,Male,over_65,Unknown,Unknown,West,1.3,141.0,106.0,3.65,81.0,97.0,22.0,102.0
788009,175,0,African American,Male,over_65,Unknown,Unknown,West,1.1,138.0,81.5,3.65,81.0,93.0,,
791784,171,0,Caucasian,Male,under_45,Unknown,Unknown,West,7.545,135.5,96.0,3.6,108.0,96.0,17.0,45.0
796205,175,0,Caucasian,Male,45_65,Unknown,Unknown,West,0.9,134.5,104.5,3.9,74.0,96.0,16.0,38.0
807440,164,1,Caucasian,Female,over_65,Unknown,Unknown,West,1.0,137.0,97.5,3.55,68.0,96.0,21.0,82.0
807441,164,1,Caucasian,Female,over_65,Unknown,Unknown,West,1.3,135.0,135.0,3.7,79.0,95.0,24.0,55.0
808117,146,1,Caucasian,Female,over_65,Unknown,Unknown,West,1.1,145.0,139.0,3.7,114.5,99.0,19.0,71.0
808118,146,1,Caucasian,Female,over_65,Unknown,Unknown,West,0.7,143.0,147.0,3.5,113.0,96.0,24.0,
818154,148,0,Caucasian,Male,over_65,Unknown,Unknown,West,5.07,141.0,108.0,3.4,83.0,96.0,,
818155,148,0,Caucasian,Male,over_65,Unknown,Unknown,West,6.54,139.0,128.0,3.6,83.0,98.0,23.0,64.0
820641,146,0,Caucasian,Male,under_45,Unknown,Unknown,West,,,,,69.0,97.0,,
820642,146,0,Caucasian,Male,under_45,Unknown,Unknown,West,0.7,134.5,225.5,4.15,83.0,96.0,,
823557,146,0,Caucasian,Male,45_65,Unknown,Unknown,West,0.8,137.0,94.0,4.0,70.0,97.0,15.5,25.0
826483,158,0,Caucasian,Male,over_65,Unknown,Unknown,West,1.0,139.0,134.0,4.45,73.0,94.0,17.0,41.0
826668,154,0,Caucasian,Male,over_65,Unknown,Unknown,West,5.85,132.5,84.0,4.4,89.0,98.0,16.0,
826669,154,0,Caucasian,Male,over_65,Unknown,Unknown,West,4.36,133.0,84.0,3.9,94.0,98.0,22.0,45.0
826989,179,0,Other/Unknown,Female,under_45,Unknown,Unknown,West,0.75,141.0,116.0,2.8,,,,
827084,157,1,Caucasian,Female,over_65,Unknown,Unknown,West,1.63,144.0,115.0,4.0,108.0,97.0,15.0,
827085,157,1,Caucasian,Female,over_65,Unknown,Unknown,West,2.27,146.5,134.5,3.5,89.0,99.0,19.0,104.0
827086,157,1,Caucasian,Female,over_65,Unknown,Unknown,West,2.035,149.5,87.5,3.85,112.0,92.0,26.0,
837709,155,0,Caucasian,Male,45_65,Unknown,Unknown,West,3.05,144.0,102.0,3.85,100.0,98.0,13.0,84.0
837713,155,0,Caucasian,Male,45_65,Unknown,Unknown,West,,,,,,,,
837984,146,0,Caucasian,Male,under_45,Unknown,Unknown,West,1.8,136.0,221.5,4.6,82.0,95.0,16.0,43.0
837985,146,0,Caucasian,Male,under_45,Unknown,Unknown,West,2.2,139.0,152.0,3.9,77.0,,,
838186,146,0,Caucasian,Male,under_45,Unknown,Unknown,West,0.8500000000000001,136.5,200.0,3.8,89.0,98.5,17.0,
838187,146,0,Caucasian,Male,under_45,Unknown,Unknown,West,1.0,130.0,305.0,4.7,96.0,100.0,20.0,
838944,152,0,Caucasian,Male,over_65,Unknown,Unknown,West,1.33,138.0,85.0,3.85,,,,
838945,152,0,Caucasian,Male,over_65,Unknown,Unknown,West,1.28,140.0,105.0,4.6,72.0,98.0,19.0,
839119,148,0,Caucasian,Female,over_65,Unknown,Unknown,West,0.965,131.5,105.0,3.9,76.0,99.0,20.0,
839120,148,0,Caucasian,Female,over_65,Unknown,Unknown,West,0.87,138.0,116.5,3.8,72.0,98.0,21.0,48.0
842498,167,0,Caucasian,Female,over_65,Unknown,Unknown,West,0.82,145.0,86.0,4.5,65.0,96.0,12.0,
842499,167,0,Caucasian,Female,over_65,Unknown,Unknown,West,0.87,138.0,132.0,3.8,63.0,100.0,10.0,38.0
843990,167,0,Caucasian,Male,45_65,Unknown,Unknown,West,1.27,137.0,110.0,4.2,74.0,89.0,21.0,
843991,167,0,Caucasian,Male,45_65,Unknown,Unknown,West,1.29,139.0,97.0,4.1,73.0,93.0,18.0,
845144,146,0,Caucasian,Male,under_45,Unknown,Unknown,West,0.6,139.0,289.0,4.3,,,,
845145,146,0,Caucasian,Male,under_45,Unknown,Unknown,West,0.95,132.0,652.0,4.25,96.0,95.0,19.0,
847126,176,0,Caucasian,Female,under_45,Unknown,Unknown,Unknown,0.58,136.0,126.0,3.8,50.0,99.0,18.0,18.0
849186,155,0,Caucasian,Male,over_65,Unknown,Unknown,West,0.73,136.0,173.0,4.3,110.0,97.0,26.0,60.0
849188,155,0,Caucasian,Male,over_65,Unknown,Unknown,West,0.795,144.5,171.0,4.65,112.0,98.0,26.0,
850468,167,0,Other/Unknown,Male,over_65,Unknown,Unknown,West,0.95,137.0,99.0,4.0,86.0,97.0,26.0,
850469,167,0,Other/Unknown,Male,over_65,Unknown,Unknown,West,0.915,141.5,138.0,3.55,86.0,97.0,23.0,
850846,179,0,Caucasian,Female,45_65,Unknown,Unknown,West,0.9,143.0,94.0,4.3,,,,
851093,154,0,Caucasian,Male,45_65,Unknown,Unknown,West,0.75,137.0,209.0,4.2,106.0,97.5,17.0,
851094,154,0,Caucasian,Male,45_65,Unknown,Unknown,West,0.73,141.0,93.0,3.75,109.0,98.0,17.0,
851095,154,0,Caucasian,Male,45_65,Unknown,Unknown,West,,,,,,,,
851096,154,0,Caucasian,Male,45_65,Unknown,Unknown,West,,,,,103.0,97.5,17.0,
852422,171,0,Caucasian,Female,over_65,Unknown,Unknown,West,,,,,89.0,97.5,19.0,
852423,171,0,Caucasian,Female,over_65,Unknown,Unknown,West,2.18,126.0,140.0,4.1,79.0,97.0,17.0,
852424,171,0,Caucasian,Female,over_65,Unknown,Unknown,West,1.465,127.5,145.5,3.7,94.0,98.0,20.0,
853131,175,0,Caucasian,Male,45_65,Unknown,Unknown,West,0.75,140.0,122.5,3.9,87.0,95.0,19.0,35.0
856437,154,0,Caucasian,Male,over_65,Unknown,Unknown,West,1.1749999999999998,142.0,223.0,4.25,82.0,99.0,19.0,
857617,154,0,Caucasian,Male,over_65,Unknown,Unknown,West,,,,,,,,
857618,154,0,Caucasian,Male,over_65,Unknown,Unknown,West,0.88,140.0,118.0,4.4,68.0,96.0,21.0,
858036,146,0,Caucasian,Male,over_65,Unknown,Unknown,West,0.8500000000000001,137.0,267.0,4.3,87.0,94.0,17.0,
859031,176,0,Caucasian,Female,over_65,Unknown,Unknown,Unknown,0.795,142.0,134.5,4.1,64.0,98.0,19.0,
859032,176,0,Caucasian,Female,over_65,Unknown,Unknown,Unknown,0.94,139.0,206.0,4.0,59.0,100.0,22.0,
859033,176,0,Caucasian,Female,over_65,Unknown,Unknown,Unknown,1.02,143.0,124.0,4.1,56.0,97.0,17.0,
859201,165,0,Caucasian,Male,over_65,Unknown,Unknown,West,1.46,142.0,89.0,4.6,112.0,96.0,23.0,40.0
859202,165,0,Caucasian,Male,over_65,Unknown,Unknown,West,,,,,,,,
860386,146,0,Caucasian,Male,under_45,Unknown,Unknown,West,1.0,139.5,191.5,4.05,104.0,97.0,20.0,35.0
865449,176,0,Caucasian,Female,over_65,Unknown,Unknown,Unknown,0.98,139.0,98.0,4.4,91.0,96.0,18.0,65.0
865450,176,0,Caucasian,Female,over_65,Unknown,Unknown,Unknown,1.085,140.5,93.5,4.0,97.0,93.5,21.0,
865697,152,0,Caucasian,Male,over_65,Unknown,Unknown,West,1.13,141.0,130.5,3.8,77.0,94.0,19.0,
865698,152,0,Caucasian,Male,over_65,Unknown,Unknown,West,1.26,140.0,158.0,4.05,80.0,94.0,21.0,111.0
866114,164,0,Caucasian,Female,over_65,Unknown,Unknown,West,0.6,138.5,153.0,3.85,73.0,93.0,23.0,46.0
869525,148,0,African American,Male,under_45,Unknown,Unknown,West,0.93,143.0,86.0,3.9,79.0,94.0,27.0,
869526,148,0,African American,Male,under_45,Unknown,Unknown,West,1.06,142.0,98.0,4.1,88.0,97.0,25.0,42.0
870241,179,0,Caucasian,Male,over_65,Unknown,Unknown,West,1.2,140.0,105.0,4.5,67.0,,,
876268,176,0,Caucasian,Male,over_65,Unknown,Unknown,Unknown,1.46,141.0,175.0,3.9,86.0,97.0,22.0,66.0
876429,152,0,Caucasian,Male,over_65,Unknown,Unknown,West,1.16,139.0,126.5,4.4,70.0,99.0,16.0,76.0
876430,152,0,Caucasian,Male,over_65,Unknown,Unknown,West,1.09,140.0,94.0,3.8,56.0,96.0,16.5,
876479,146,0,Caucasian,Male,under_45,Unknown,Unknown,West,0.8500000000000001,132.5,200.0,4.25,96.0,97.0,,21.0
876480,146,0,Caucasian,Male,under_45,Unknown,Unknown,West,,,,,92.0,,,
887139,165,0,Caucasian,Male,45_65,Unknown,Unknown,West,0.505,137.5,119.5,3.25,88.0,,15.0,
887140,165,0,Caucasian,Male,45_65,Unknown,Unknown,West,0.58,138.0,100.5,4.0,90.0,97.0,17.0,
887817,176,0,Caucasian,Female,over_65,Unknown,Unknown,Unknown,0.95,140.0,120.0,4.0,111.0,100.0,17.0,61.0
892619,146,0,Caucasian,Male,under_45,Unknown,Unknown,West,0.8,136.0,198.0,4.3,78.0,98.0,16.0,23.0
892620,146,0,Caucasian,Male,under_45,Unknown,Unknown,West,,,,,,,,
893771,155,0,Caucasian,Male,over_65,Unknown,Unknown,West,0.6000000000000001,133.5,106.5,4.35,94.0,95.0,12.0,
896028,155,0,Caucasian,Male,45_65,Unknown,Unknown,West,0.63,148.0,123.0,3.8,61.0,99.0,18.0,
898372,148,0,Caucasian,Male,over_65,Unknown,Unknown,West,1.285,139.0,143.5,4.1,83.0,96.0,22.0,
898373,148,0,Caucasian,Male,over_65,Unknown,Unknown,West,,,,4.6,72.0,96.0,22.0,
899746,146,0,Caucasian,Male,over_65,Unknown,Unknown,West,0.9,138.0,131.0,4.1,80.0,95.0,16.0,49.0
899747,146,0,Caucasian,Male,over_65,Unknown,Unknown,West,0.7,141.0,93.0,3.7,79.0,92.0,,
903408,146,0,Caucasian,Male,over_65,Unknown,Unknown,West,,,,,72.0,,,
903409,146,0,Caucasian,Male,over_65,Unknown,Unknown,West,,,,,68.0,97.0,17.0,
906947,176,0,Caucasian,Female,45_65,Unknown,Unknown,Unknown,0.75,130.0,99.0,4.4,74.0,99.0,16.0,
906948,176,0,Caucasian,Female,45_65,Unknown,Unknown,Unknown,0.8049999999999999,137.5,98.5,4.05,73.0,,16.0,
907255,167,0,Caucasian,Female,45_65,Unknown,Unknown,West,0.655,142.0,108.5,3.8,70.0,96.0,16.0,
907256,167,0,Caucasian,Female,45_65,Unknown,Unknown,West,0.8049999999999999,139.0,100.0,3.7,78.0,97.0,16.0,72.0
907257,167,0,Caucasian,Female,45_65,Unknown,Unknown,West,,,,,71.0,94.0,17.0,
907258,167,0,Caucasian,Female,45_65,Unknown,Unknown,West,0.6,141.0,136.0,3.7,78.0,94.0,17.0,22.0
910048,157,0,Caucasian,Male,over_65,Unknown,Unknown,West,1.2,138.0,112.0,3.5,64.0,,19.0,26.0
910049,157,0,Caucasian,Male,over_65,Unknown,Unknown,West,1.15,139.0,101.0,3.8,68.5,98.0,19.0,
910050,157,0,Caucasian,Male,over_65,Unknown,Unknown,West,,,,4.0,69.0,94.0,18.0,
910051,157,0,Caucasian,Male,over_65,Unknown,Unknown,West,1.09,140.0,107.0,3.6,89.0,95.0,18.0,39.0
910865,165,0,Caucasian,Male,45_65,Unknown,Unknown,West,0.88,136.0,111.0,4.2,76.0,97.0,17.0,28.0
910866,165,0,Caucasian,Male,45_65,Unknown,Unknown,West,0.865,136.5,106.5,4.25,73.0,97.5,17.0,
913057,175,0,Caucasian,Female,over_65,Unknown,Unknown,West,0.55,146.0,126.0,3.9,102.0,98.0,17.0,73.0
913910,174,0,Caucasian,Female,45_65,Unknown,Unknown,West,0.92,138.0,146.0,4.0,71.0,96.0,20.0,
914801,158,0,Other/Unknown,Female,45_65,Unknown,Unknown,West,0.5,135.5,195.0,4.0,77.0,96.0,13.0,43.0
916394,167,0,Caucasian,Female,over_65,Unknown,Unknown,West,0.54,137.0,131.0,3.95,79.0,96.0,17.0,
916395,167,0,Caucasian,Female,over_65,Unknown,Unknown,West,0.445,138.5,124.5,3.8,80.0,93.0,16.0,
922231,167,0,Caucasian,Female,under_45,Unknown,Unknown,West,0.61,142.0,124.0,3.8,64.0,97.0,22.0,31.0
924223,174,0,Caucasian,Male,over_65,Unknown,Unknown,West,1.13,140.0,182.0,3.4,67.0,94.0,18.0,56.0
925146,152,1,Caucasian,Male,45_65,Unknown,Unknown,West,,,,3.5,69.0,72.0,16.0,
925178,155,0,Caucasian,Male,over_65,Unknown,Unknown,West,0.98,139.0,125.0,3.8,81.0,94.0,19.0,40.0
926316,154,0,Caucasian,Female,over_65,Unknown,Unknown,West,0.72,144.0,138.0,4.1,67.0,98.0,16.0,
926317,154,0,Caucasian,Female,over_65,Unknown,Unknown,West,0.895,144.0,140.0,4.1,84.0,97.0,20.0,85.0
926318,154,0,Caucasian,Female,over_65,Unknown,Unknown,West,0.75,144.5,180.5,4.1,85.0,93.0,26.0,
926319,154,0,Caucasian,Female,over_65,Unknown,Unknown,West,0.74,145.0,137.0,4.2,72.0,98.0,22.0,66.0
930706,174,0,Caucasian,Female,over_65,Unknown,Unknown,West,0.755,141.5,110.0,3.75,67.0,95.0,22.0,50.0
931648,148,0,Caucasian,Male,over_65,Unknown,Unknown,West,1.21,142.5,185.0,4.300000000000001,75.5,,33.0,
931649,148,0,Caucasian,Male,over_65,Unknown,Unknown,West,1.41,142.5,250.5,4.2,78.0,95.0,18.0,97.0
931776,174,0,Caucasian,Female,over_65,Unknown,Unknown,West,0.83,138.0,260.0,4.0,75.0,97.0,20.0,
931777,174,0,Caucasian,Female,over_65,Unknown,Unknown,West,0.8,145.0,107.0,3.6,,,,
933277,157,0,Caucasian,Male,under_45,Unknown,Unknown,West,0.8400000000000001,138.5,111.0,3.4000000000000004,72.5,,18.5,
933278,157,0,Caucasian,Male,under_45,Unknown,Unknown,West,0.74,138.0,97.5,3.25,71.0,96.0,20.0,30.0
937152,152,0,Caucasian,Male,over_65,Unknown,Unknown,West,0.85,143.0,123.0,3.5,49.0,97.0,15.0,43.0
937153,152,0,Caucasian,Male,over_65,Unknown,Unknown,West,0.73,140.0,103.0,3.5,,,,
939222,154,1,Caucasian,Female,45_65,Unknown,Unknown,West,0.48,143.0,129.0,4.5,105.0,96.0,19.0,90.0
942382,174,0,Caucasian,Female,over_65,Unknown,Unknown,West,0.885,141.5,79.0,3.95,62.0,96.0,19.0,56.0
942529,152,0,Caucasian,Male,over_65,Unknown,Unknown,West,0.95,138.5,162.0,4.2,93.0,98.0,21.0,56.0
942530,152,0,Caucasian,Male,over_65,Unknown,Unknown,West,1.045,136.0,217.5,4.75,92.0,97.5,23.0,
942967,154,0,Caucasian,Male,over_65,Unknown,Unknown,West,0.93,147.0,135.0,4.0,86.0,97.0,18.0,67.0
946151,176,0,Caucasian,Male,over_65,Unknown,Unknown,Unknown,0.79,133.5,79.0,3.8,92.0,87.5,15.0,53.0
946276,164,0,Caucasian,Male,over_65,Unknown,Unknown,West,1.0,138.0,179.0,3.45,78.0,95.0,16.5,51.0
949937,171,0,Caucasian,Male,over_65,Unknown,Unknown,West,,,,,,,,
949938,171,0,Caucasian,Male,over_65,Unknown,Unknown,West,0.745,139.0,105.0,4.2,97.0,96.0,17.0,
949939,171,0,Caucasian,Male,over_65,Unknown,Unknown,West,,,,,104.0,96.0,19.0,
957917,146,0,Caucasian,Male,under_45,Unknown,Unknown,West,0.8,137.5,314.5,3.65,89.0,99.0,14.0,34.0
958499,146,0,Caucasian,Male,under_45,Unknown,Unknown,West,1.35,137.0,286.0,4.35,105.0,95.0,21.0,22.0
958500,146,0,Caucasian,Male,under_45,Unknown,Unknown,West,0.9,137.0,219.0,3.9,90.0,96.0,23.0,
958719,157,0,Caucasian,Male,under_45,Unknown,Unknown,West,4.48,138.5,94.5,4.4,78.0,98.0,23.0,90.0
958720,157,0,Caucasian,Male,under_45,Unknown,Unknown,West,3.34,141.0,96.0,3.9,85.0,97.0,21.0,74.0
958721,157,0,Caucasian,Male,under_45,Unknown,Unknown,West,4.550000000000001,138.5,103.0,4.35,108.0,91.0,30.0,
959746,181,0,Other/Unknown,Male,over_65,Unknown,Unknown,South,0.87,140.0,109.0,4.2,54.0,96.0,21.0,42.0
960567,181,1,Caucasian,Female,over_65,Unknown,Unknown,South,1.065,138.0,102.5,4.449999999999999,88.0,100.0,20.0,78.0
960943,184,1,Caucasian,Female,over_65,Unknown,Unknown,South,0.79,138.0,116.0,3.9,60.0,95.0,20.0,65.0
961164,180,0,Caucasian,Female,over_65,Unknown,Unknown,South,1.37,136.0,103.0,4.4,86.0,98.0,10.0,39.0
961295,183,0,Caucasian,Female,over_65,Unknown,Unknown,South,0.64,142.0,109.0,3.9,75.0,98.0,18.0,40.0
961440,181,0,African American,Male,45_65,Unknown,Unknown,South,5.91,141.0,125.0,4.1,86.0,97.0,27.0,39.0
961441,181,0,African American,Male,45_65,Unknown,Unknown,South,5.550000000000001,142.0,126.0,4.05,112.0,99.0,22.0,
961442,181,0,African American,Male,45_65,Unknown,Unknown,South,,,,,,,,
962227,180,0,Caucasian,Female,45_65,Unknown,Unknown,South,3.205,138.5,218.0,4.25,89.0,98.0,15.0,73.0
963136,180,0,Caucasian,Female,45_65,Unknown,Unknown,South,1.37,143.0,124.0,3.7,51.0,100.0,14.0,112.0
963941,182,0,Caucasian,Female,over_65,Unknown,Unknown,South,1.9,139.5,181.0,4.199999999999999,72.0,96.0,28.0,59.0
963942,182,0,Caucasian,Female,over_65,Unknown,Unknown,South,1.6,140.5,178.0,3.3,,,,
964284,182,0,Caucasian,Female,over_65,Unknown,Unknown,South,0.7,143.0,79.0,3.7,,,,
964285,182,0,Caucasian,Female,over_65,Unknown,Unknown,South,0.75,142.0,82.5,4.0,67.0,100.0,10.0,62.0
964436,183,0,Caucasian,Female,45_65,Unknown,Unknown,South,0.4,140.5,102.5,4.15,65.5,100.0,,
964437,183,0,Caucasian,Female,45_65,Unknown,Unknown,South,0.5,138.5,109.5,4.35,69.0,100.0,,29.0
964782,183,0,Caucasian,Female,over_65,Unknown,Unknown,South,0.81,141.0,97.0,4.1,77.0,98.0,14.0,50.0
965083,180,0,Caucasian,Female,over_65,Unknown,Unknown,South,1.17,142.0,130.5,3.7,96.0,96.0,18.0,64.0
965562,181,1,Caucasian,Male,over_65,Unknown,Unknown,South,1.51,137.0,108.0,4.55,90.0,97.0,24.0,87.0
965856,181,0,African American,Female,over_65,Unknown,Unknown,South,0.57,143.5,143.5,3.85,70.0,100.0,25.0,43.0
966066,184,1,Caucasian,Female,over_65,Unknown,Unknown,South,1.2000000000000002,141.0,124.0,3.9,,,,
967281,180,0,Caucasian,Female,over_65,Unknown,Unknown,South,1.11,144.0,99.0,3.5,55.0,99.0,13.0,88.0
967840,182,0,Caucasian,Female,over_65,Unknown,Unknown,South,0.7,129.0,128.0,3.6,96.0,94.0,19.0,49.0
967841,182,0,Caucasian,Female,over_65,Unknown,Unknown,South,,,,,,,,
968228,184,0,Caucasian,Male,over_65,Unknown,Unknown,South,1.27,140.0,134.0,3.8,78.0,95.5,19.5,
968367,180,0,Caucasian,Female,over_65,Unknown,Unknown,South,2.4400000000000004,139.5,122.0,3.6,94.0,99.0,18.0,81.0
968599,184,0,African American,Female,45_65,Unknown,Unknown,South,0.7,141.0,80.0,4.1,63.0,100.0,8.0,44.0
968871,184,0,Caucasian,Female,over_65,Unknown,Unknown,South,1.82,143.0,104.0,3.85,55.0,98.0,21.0,70.0
969333,182,0,Caucasian,Female,45_65,Unknown,Unknown,South,0.5,138.0,96.0,3.7,86.0,91.0,23.0,
969334,182,0,Caucasian,Female,45_65,Unknown,Unknown,South,0.5,139.0,104.0,3.5,94.0,97.0,21.0,49.0
969631,181,0,Caucasian,Male,over_65,Unknown,Unknown,South,1.31,139.0,202.0,4.6,68.0,96.0,18.0,48.0
970239,180,0,Caucasian,Male,over_65,Unknown,Unknown,South,6.72,143.0,89.0,4.35,87.0,98.0,15.0,68.0
970328,182,0,Caucasian,Female,over_65,Unknown,Unknown,South,0.9,138.0,170.0,4.15,104.0,96.0,22.0,
970329,182,0,Caucasian,Female,over_65,Unknown,Unknown,South,0.9,143.0,145.0,5.0,,,,
970720,183,0,Caucasian,Female,over_65,Unknown,Unknown,South,1.3,143.0,123.0,3.85,83.0,99.0,16.0,50.0
970978,180,0,Caucasian,Female,over_65,Unknown,Unknown,South,4.105,136.0,262.0,4.3,56.0,96.0,16.0,62.0
970984,184,0,Asian,Female,45_65,Unknown,Unknown,South,0.303,136.0,136.0,3.4,101.0,99.0,14.0,51.0
971171,180,0,Caucasian,Female,over_65,Unknown,Unknown,South,1.12,138.0,89.0,3.9,71.0,99.0,23.0,81.0
971201,182,0,Caucasian,Female,over_65,Unknown,Unknown,South,1.3,144.0,92.0,4.9,52.0,99.0,19.0,71.0
971247,183,1,Caucasian,Female,45_65,Unknown,Unknown,South,1.14,145.0,322.0,3.4,126.0,97.0,31.0,62.0
971871,182,0,Caucasian,Female,over_65,Unknown,Unknown,South,1.3,143.0,92.5,4.4,,,,
972135,183,1,Caucasian,Female,over_65,Unknown,Unknown,South,2.75,136.0,105.0,5.4,104.0,93.0,24.0,82.0
972232,181,0,Caucasian,Female,over_65,Unknown,Unknown,South,1.16,140.0,87.0,3.7,,,,
972802,184,0,Caucasian,Female,over_65,Unknown,Unknown,South,0.73,139.0,121.0,3.75,63.0,99.0,20.0,66.0
972876,183,0,Caucasian,Female,45_65,Unknown,Unknown,South,0.71,140.0,129.0,3.5,70.0,,,
972877,183,0,Caucasian,Female,45_65,Unknown,Unknown,South,0.62,139.0,228.0,3.8,79.0,99.0,,43.0
972933,184,0,Caucasian,Female,45_65,Unknown,Unknown,South,0.5800000000000001,145.0,90.0,4.15,56.0,96.0,18.0,36.0
973085,181,0,Caucasian,Female,over_65,Unknown,Unknown,South,0.98,142.0,110.0,4.6,66.0,96.0,27.0,50.0
973612,180,0,Caucasian,Female,45_65,Unknown,Unknown,South,2.92,141.0,155.5,3.75,75.0,99.0,11.0,61.0
974986,184,1,Caucasian,Female,over_65,Unknown,Unknown,South,2.43,137.0,106.0,4.75,117.5,96.0,30.0,72.0
975257,180,0,Caucasian,Female,over_65,Unknown,Unknown,South,4.135,137.5,173.0,4.05,63.0,96.0,12.0,79.0
975298,182,0,Caucasian,Female,over_65,Unknown,Unknown,South,0.55,128.0,89.0,3.95,,,,
975646,182,0,Caucasian,Female,over_65,Unknown,Unknown,South,0.7,139.0,99.0,3.7,66.0,96.0,17.0,41.0
975692,181,0,Hispanic,Female,45_65,Unknown,Unknown,South,1.09,139.5,92.5,4.0,64.0,99.0,15.0,45.0
976171,181,0,African American,Male,over_65,Unknown,Unknown,South,1.085,151.0,120.5,3.8,64.0,100.0,24.0,87.0
976505,183,0,African American,Female,45_65,Unknown,Unknown,South,0.64,140.0,100.0,3.4,70.0,100.0,17.0,21.0
976535,180,0,Hispanic,Male,under_45,Unknown,Unknown,South,0.89,139.0,105.0,4.2,81.0,97.0,17.0,26.0
976722,181,0,Caucasian,Male,over_65,Unknown,Unknown,South,0.88,134.0,104.0,4.05,62.0,97.0,23.0,64.0
976781,183,0,Caucasian,Female,over_65,Unknown,Unknown,South,1.0,139.0,118.0,3.9,85.0,96.0,18.0,74.0
976782,183,0,Caucasian,Female,over_65,Unknown,Unknown,South,0.96,139.0,117.0,4.2,75.0,96.0,18.0,
976783,183,0,Caucasian,Female,over_65,Unknown,Unknown,South,,,,,,,,
977217,182,0,Caucasian,Female,over_65,Unknown,Unknown,South,,,,,,,,
977218,182,0,Caucasian,Female,over_65,Unknown,Unknown,South,1.7000000000000002,144.0,194.5,5.4,103.0,98.0,17.0,79.0
977269,183,0,Caucasian,Female,over_65,Unknown,Unknown,South,1.07,139.0,356.0,3.7,74.0,97.0,,32.0
977270,183,0,Caucasian,Female,over_65,Unknown,Unknown,South,1.05,140.0,127.0,3.4,,,,
977926,181,0,African American,Male,over_65,Unknown,Unknown,South,,,,,,,,
977927,181,0,African American,Male,over_65,Unknown,Unknown,South,1.16,155.5,126.0,3.2,68.0,100.0,21.0,
978037,184,0,Caucasian,Male,45_65,Unknown,Unknown,South,1.93,130.0,156.5,4.7,98.0,98.0,15.0,92.0
978518,183,0,Caucasian,Male,over_65,Unknown,Unknown,South,1.76,140.0,96.5,3.6,53.0,95.0,17.0,69.0
979122,183,0,African American,Female,45_65,Unknown,Unknown,South,0.615,142.0,102.0,3.45,87.0,100.0,17.0,59.0
979241,184,0,Caucasian,Male,over_65,Unknown,Unknown,South,0.925,140.0,90.0,3.4,71.0,96.0,20.0,57.0
994512,188,0,Caucasian,Female,45_65,Unknown,Unknown,South,0.6,141.5,88.0,4.4,70.0,97.0,15.5,30.0
1008970,188,0,Caucasian,Male,45_65,Unknown,Unknown,South,1.08,138.0,154.0,4.1,87.0,99.0,18.0,53.0
1013300,188,0,Caucasian,Male,45_65,Unknown,Unknown,South,0.835,136.5,145.5,4.35,59.0,99.0,17.0,32.0
1014000,188,0,African American,Male,under_45,Unknown,Unknown,South,0.6,144.0,91.0,3.6,99.0,98.0,15.0,29.0
1015158,188,0,Caucasian,Male,45_65,Unknown,Unknown,South,1.05,138.5,95.5,4.25,52.0,98.0,14.0,38.0
1026132,188,0,Caucasian,Male,45_65,Unknown,Unknown,South,0.6,137.0,126.5,4.05,,,,
1034813,188,0,Caucasian,Male,under_45,Unknown,Unknown,South,3.0,138.0,119.0,3.9,118.0,98.0,22.0,85.0
1036408,188,0,African American,Male,under_45,Unknown,Unknown,South,0.9,141.0,80.0,4.4,74.0,100.0,11.0,33.0
1036759,188,0,Caucasian,Female,45_65,Unknown,Unknown,South,0.5,141.0,118.0,4.2,90.0,96.0,21.0,47.0
1048833,188,0,Caucasian,Male,45_65,Unknown,Unknown,South,0.9,138.0,93.5,4.3,62.0,99.0,17.0,26.0
1051785,188,0,Caucasian,Male,under_45,Unknown,Unknown,South,0.9,140.0,93.0,3.7,109.0,95.0,25.0,27.0
1054428,188,0,African American,Male,under_45,Unknown,Unknown,South,0.61,145.0,94.0,3.8,102.0,97.0,18.0,63.0
1056051,194,0,Caucasian,Female,over_65,Unknown,Unknown,South,0.8500000000000001,137.5,63.0,4.15,64.0,100.0,13.0,53.0
1056063,196,0,Caucasian,Female,under_45,Unknown,Unknown,South,0.7050000000000001,142.0,145.5,3.6,96.0,99.0,13.0,49.0
1056912,195,0,African American,Female,over_65,Unknown,Unknown,South,1.155,122.0,185.0,4.3,70.0,95.0,24.0,47.0
1057910,197,1,Asian,Female,45_65,Unknown,Unknown,South,1.57,138.0,151.0,3.61,74.0,100.0,18.0,158.0
1057967,195,0,African American,Female,over_65,Unknown,Unknown,South,1.475,133.0,105.5,4.3,75.0,99.0,23.0,65.0
1058166,198,0,African American,Male,45_65,Unknown,Unknown,South,7.485,132.0,102.5,4.6,76.0,96.0,17.0,86.0
1058174,197,0,Caucasian,Female,45_65,Unknown,Unknown,South,1.06,139.0,165.0,4.42,88.0,98.0,13.0,68.0
1058175,197,0,Caucasian,Female,45_65,Unknown,Unknown,South,0.9,,,,77.0,100.0,13.0,
1058611,197,0,Caucasian,Female,over_65,Unknown,Unknown,South,,,,,89.0,93.0,19.0,
1058612,197,0,Caucasian,Female,over_65,Unknown,Unknown,South,,,,,60.0,95.0,17.0,44.0
1058613,197,0,Caucasian,Female,over_65,Unknown,Unknown,South,,,,,,,,
1059195,196,0,Caucasian,Female,45_65,Unknown,Unknown,South,2.22,137.0,98.0,4.8,69.0,97.0,15.0,72.0
1059340,196,0,Caucasian,Female,45_65,Unknown,Unknown,South,0.89,138.0,111.0,3.95,57.0,96.0,21.0,37.0
1059533,197,0,Caucasian,Female,over_65,Unknown,Unknown,South,1.84,143.0,122.5,3.7,103.0,100.0,15.0,74.0
1059638,194,0,African American,Male,over_65,Unknown,Unknown,South,1.65,145.0,103.5,3.5,60.0,100.0,20.0,
1059935,198,0,African American,Male,over_65,Unknown,Unknown,South,1.275,139.0,149.0,3.9,92.0,98.0,23.0,69.0
1059936,198,0,African American,Male,over_65,Unknown,Unknown,South,1.2,139.5,140.5,3.9,90.0,99.0,17.0,64.0
1060026,197,1,Other/Unknown,Female,over_65,Unknown,Unknown,South,,,,,94.0,97.0,21.0,33.0
1060144,195,0,African American,Female,45_65,Unknown,Unknown,South,0.695,138.0,121.0,4.0,84.0,100.0,30.0,30.0
1061585,197,0,Asian,Female,45_65,Unknown,Unknown,South,0.6,134.0,110.0,4.02,72.0,100.0,18.0,90.0
1061893,194,0,African American,Female,over_65,Unknown,Unknown,South,0.75,136.5,192.0,4.25,65.0,97.0,17.0,57.0
1062496,198,0,African American,Female,45_65,Unknown,Unknown,South,1.86,144.0,160.0,4.1,104.0,100.0,17.0,72.0
1063405,198,0,African American,Male,45_65,Unknown,Unknown,South,4.84,134.0,110.5,4.3,97.0,100.0,20.0,48.0
1063659,194,0,African American,Female,over_65,Unknown,Unknown,South,0.7,140.0,94.0,3.5,94.0,99.0,15.0,87.0
1063742,196,0,African American,Male,45_65,Unknown,Unknown,South,0.72,139.0,93.0,3.45,82.0,95.0,19.0,21.0
1063956,196,0,Caucasian,Female,over_65,Unknown,Unknown,South,0.63,138.0,112.0,3.5,78.0,97.0,18.0,62.0
1064283,196,0,Caucasian,Female,45_65,Unknown,Unknown,South,0.53,137.0,116.0,3.8,74.0,97.0,18.0,28.0
1065468,198,0,Caucasian,Female,over_65,Unknown,Unknown,South,1.01,139.0,127.5,3.55,78.0,95.0,18.0,93.0
1065859,196,0,Caucasian,Female,over_65,Unknown,Unknown,South,1.6349999999999998,143.0,137.5,3.7,98.0,95.0,19.0,96.0
1066190,195,0,Caucasian,Female,over_65,Unknown,Unknown,South,0.675,135.0,147.0,4.1,92.0,98.0,24.0,40.0
1066202,194,0,Unknown,Female,over_65,Unknown,Unknown,South,0.9,124.0,89.0,4.8,110.0,98.0,22.0,63.0
1066837,197,0,Caucasian,Female,over_65,Unknown,Unknown,South,0.73,141.0,151.0,3.9,67.0,99.0,19.0,51.0
1067235,197,0,Caucasian,Female,45_65,Unknown,Unknown,South,1.65,143.0,173.0,3.6,78.0,100.0,21.0,79.0
1067237,198,0,Other/Unknown,Male,45_65,Unknown,Unknown,South,1.215,140.0,149.5,4.0,106.0,97.0,18.0,55.0
1067786,195,0,African American,Female,45_65,Unknown,Unknown,South,0.93,137.5,118.0,4.4,91.0,97.0,17.0,61.0
1068212,198,0,Caucasian,Female,over_65,Unknown,Unknown,South,0.7949999999999999,133.5,92.5,4.15,122.0,98.0,22.0,56.0
1068221,198,0,Caucasian,Female,under_45,Unknown,Unknown,South,0.69,139.0,109.0,4.0,90.0,99.0,18.0,26.0
1068646,197,0,Caucasian,Female,45_65,Unknown,Unknown,South,0.74,136.4,160.0,4.2,81.0,94.0,18.0,30.0
1068757,195,0,Caucasian,Female,45_65,Unknown,Unknown,South,0.91,138.0,109.5,4.05,66.0,96.0,21.0,17.0
1069005,197,0,Asian,Female,45_65,Unknown,Unknown,South,0.69,145.1,113.0,4.1,87.0,99.0,19.0,36.0
1069119,198,0,Caucasian,Female,over_65,Unknown,Unknown,South,0.705,134.0,110.0,3.95,88.0,96.0,16.0,62.0
1069678,194,0,Caucasian,Female,over_65,Unknown,Unknown,South,,,,,81.0,95.0,17.0,37.0
1070390,198,0,African American,Female,over_65,Unknown,Unknown,South,4.63,139.0,82.0,3.5,62.0,99.0,18.0,52.0
1070881,196,0,Caucasian,Female,over_65,Unknown,Unknown,South,1.08,145.0,88.0,4.25,66.0,97.0,17.0,
1070882,196,0,Caucasian,Female,over_65,Unknown,Unknown,South,1.11,145.0,91.0,4.0,64.0,98.0,17.0,59.0
1071224,194,0,African American,Female,45_65,Unknown,Unknown,South,1.0,137.0,118.0,3.9,82.0,96.0,17.0,-1.0
1071450,197,0,African American,Female,over_65,Unknown,Unknown,South,1.15,139.0,146.5,4.0,97.0,96.0,22.0,40.0
1071594,196,0,Caucasian,Female,45_65,Unknown,Unknown,South,1.1,142.0,74.0,4.8,73.0,100.0,15.0,70.0
1072171,195,0,Caucasian,Female,45_65,Unknown,Unknown,South,0.47,134.0,100.0,3.6,87.0,98.0,17.0,86.0
1072172,195,0,Caucasian,Female,45_65,Unknown,Unknown,South,0.56,135.0,88.0,3.5,94.0,97.0,24.0,68.0
1072515,196,0,Caucasian,Female,under_45,Unknown,Unknown,South,0.36,134.0,58.0,3.7,98.0,96.0,17.0,38.0
1072605,194,0,Caucasian,Female,over_65,Unknown,Unknown,South,2.75,127.5,77.5,3.25,58.0,96.0,15.0,85.0
1072615,194,0,Caucasian,Female,45_65,Unknown,Unknown,South,0.5,134.0,276.0,4.3,93.0,97.0,17.0,32.0
1072882,195,1,Caucasian,Female,over_65,Unknown,Unknown,South,0.69,139.0,146.0,3.4,89.0,100.0,12.0,
1072883,195,1,Caucasian,Female,over_65,Unknown,Unknown,South,0.585,137.5,137.5,3.8,93.0,98.0,31.0,42.0
1073098,195,1,African American,Female,over_65,Unknown,Unknown,South,2.5,138.0,100.0,5.0,111.0,99.0,21.0,157.0
1073738,195,0,African American,Female,over_65,Unknown,Unknown,South,0.905,139.0,102.5,4.0,58.0,99.0,14.0,39.0
1073820,198,0,Caucasian,Female,45_65,Unknown,Unknown,South,0.74,139.0,129.5,3.5,76.0,96.0,19.0,46.0
1073984,194,0,Caucasian,Female,45_65,Unknown,Unknown,South,0.6499999999999999,138.5,86.0,3.5,72.0,93.0,17.0,31.0
1074253,196,0,Caucasian,Female,over_65,Unknown,Unknown,South,1.06,136.0,107.0,3.45,93.0,95.0,27.0,56.0
1074326,201,0,Caucasian,Female,over_65,Unknown,Unknown,Unknown,1.31,137.0,111.0,3.9,100.0,94.0,21.0,64.0
1075017,205,0,Caucasian,Female,over_65,Unknown,Unknown,Northeast,0.6499999999999999,140.5,106.0,3.8,,,,
1075126,206,0,African American,Female,over_65,Unknown,Unknown,Northeast,3.6,140.5,191.0,3.0,97.0,100.0,11.0,62.0
1076172,199,1,Caucasian,Female,over_65,Unknown,Unknown,Northeast,1.3,152.0,172.0,4.35,99.0,95.0,15.0,185.0
1076670,200,0,Caucasian,Male,over_65,Unknown,Unknown,Northeast,0.8,130.0,104.0,4.05,,,,
1076979,201,0,Caucasian,Female,over_65,Unknown,Unknown,Unknown,1.27,137.0,218.0,3.7,108.0,92.0,22.0,36.0
1079891,204,0,Caucasian,Male,over_65,Unknown,Unknown,Northeast,1.5,153.0,194.0,4.1,87.0,96.0,16.0,46.0
1081591,199,0,Caucasian,Female,over_65,Unknown,Unknown,Northeast,0.8,145.0,139.5,4.0,102.0,98.0,22.0,60.0
1081610,203,0,Caucasian,Female,over_65,Unknown,Unknown,Unknown,0.5,134.0,191.0,4.0,73.0,91.0,20.0,47.0
1081672,205,0,Caucasian,Female,over_65,Unknown,Unknown,Northeast,0.5,110.0,110.0,4.6,,,,
1081886,205,0,Caucasian,Male,over_65,Unknown,Unknown,Northeast,1.8,138.0,175.0,4.2,,,,
1081887,205,0,Caucasian,Male,over_65,Unknown,Unknown,Northeast,,,,,,,,
1083556,205,0,Caucasian,Female,over_65,Unknown,Unknown,Northeast,1.2999999999999998,138.5,92.0,4.35,73.0,96.0,,
1083557,205,0,Caucasian,Female,over_65,Unknown,Unknown,Northeast,1.1,141.0,77.0,4.6,74.0,96.0,,
1083722,202,1,Caucasian,Female,over_65,Unknown,Unknown,Northeast,0.9,140.0,133.0,3.8,68.0,100.0,18.0,68.0
1084013,202,0,Caucasian,Female,over_65,Unknown,Unknown,Northeast,0.6,139.0,165.0,4.4,75.0,95.0,,58.0
1087299,205,0,Caucasian,Female,over_65,Unknown,Unknown,Northeast,0.7,136.0,100.0,4.6,82.0,92.0,,
1087596,204,0,Caucasian,Female,over_65,Unknown,Unknown,Northeast,0.3,139.0,113.5,3.6,90.0,95.0,18.0,64.0
1087597,204,0,Caucasian,Female,over_65,Unknown,Unknown,Northeast,0.2,142.0,145.0,4.2,102.0,97.0,27.0,46.0
1088206,203,0,Caucasian,Male,over_65,Unknown,Unknown,Unknown,3.75,131.0,107.0,4.9,89.0,94.0,30.0,42.0
1088450,203,0,Caucasian,Male,over_65,Unknown,Unknown,Unknown,1.1,136.0,198.0,4.3,64.0,96.5,22.0,58.0
1089400,204,0,Caucasian,Male,over_65,Unknown,Unknown,Northeast,2.0,140.0,183.0,4.7,103.0,94.0,25.0,69.0
1090033,199,0,Caucasian,Male,over_65,Unknown,Unknown,Northeast,1.0,141.0,140.0,4.0,65.0,94.0,18.0,39.0
1090039,202,0,Caucasian,Male,over_65,Unknown,Unknown,Northeast,2.245,141.0,172.0,4.2,82.0,100.0,,129.0
1090567,200,1,Caucasian,Male,over_65,Unknown,Unknown,Northeast,1.4,139.0,134.0,4.1,89.0,96.0,27.0,76.0
1090889,204,0,Caucasian,Female,over_65,Unknown,Unknown,Northeast,0.7,133.0,162.0,4.1,115.0,97.0,13.0,78.0
1091111,205,0,Caucasian,Female,over_65,Unknown,Unknown,Northeast,0.9,134.0,98.0,3.3,75.0,95.0,,
1091133,200,0,Caucasian,Male,over_65,Unknown,Unknown,Northeast,0.8,136.0,83.0,4.0,82.0,98.0,22.0,42.0
1091159,205,0,Caucasian,Female,over_65,Unknown,Unknown,Northeast,1.6,139.0,98.0,3.9,78.0,,22.0,
1091677,201,0,Caucasian,Female,over_65,Unknown,Unknown,Unknown,0.6950000000000001,132.0,174.5,4.199999999999999,72.0,96.0,16.0,34.0
1092494,202,0,Caucasian,Male,over_65,Unknown,Unknown,Northeast,0.7,140.0,120.0,3.55,,,,
1093806,203,0,Caucasian,Female,over_65,Unknown,Unknown,Unknown,0.6799999999999999,133.5,175.5,3.8,80.0,99.0,15.0,24.0
1093888,200,0,Caucasian,Male,over_65,Unknown,Unknown,Northeast,1.55,138.5,170.5,4.3,101.0,96.0,26.0,89.0
1095052,199,0,Caucasian,Female,over_65,Unknown,Unknown,Northeast,0.6,137.0,99.0,4.1,65.0,98.0,14.0,43.0
1095053,199,0,Caucasian,Female,over_65,Unknown,Unknown,Northeast,0.7,133.0,121.0,4.1,70.0,98.0,16.0,
1095527,206,0,Caucasian,Female,over_65,Unknown,Unknown,Northeast,0.95,128.5,317.0,3.3,67.0,100.0,17.0,70.0
1096032,203,0,Caucasian,Female,over_65,Unknown,Unknown,Unknown,0.745,138.5,118.0,3.7,69.0,94.5,21.0,40.0
1096127,200,0,Caucasian,Female,over_65,Unknown,Unknown,Northeast,1.2,150.0,108.0,3.6,58.0,97.0,24.0,84.0
1098048,203,0,Caucasian,Male,over_65,Unknown,Unknown,Unknown,7.5,133.5,98.0,3.15,96.0,100.0,16.0,63.0
1098222,206,0,Caucasian,Male,over_65,Unknown,Unknown,Northeast,1.65,134.0,110.5,3.95,92.0,100.0,19.0,81.0
1098223,206,0,Caucasian,Male,over_65,Unknown,Unknown,Northeast,1.7,136.0,130.0,3.3,89.0,98.0,17.0,
1098224,206,0,Caucasian,Male,over_65,Unknown,Unknown,Northeast,2.0,135.0,145.0,4.4,95.0,97.0,23.0,75.0
1098722,199,0,Caucasian,Female,over_65,Unknown,Unknown,Northeast,0.3,135.0,99.5,4.05,87.0,100.0,19.0,41.0
1099398,201,0,Caucasian,Male,over_65,Unknown,Unknown,Unknown,1.84,139.0,199.0,3.7,79.0,96.0,20.0,52.0
1101375,199,0,Caucasian,Female,over_65,Unknown,Unknown,Northeast,0.3,144.0,145.0,4.1,89.0,98.0,26.0,36.0
1102691,205,0,Caucasian,Male,over_65,Unknown,Unknown,Northeast,,,,,,,,
1103224,202,1,Caucasian,Female,over_65,Unknown,Unknown,Northeast,4.0,144.0,267.0,4.6,112.0,72.0,,162.0
1104499,201,0,Caucasian,Male,over_65,Unknown,Unknown,Unknown,2.085,138.5,118.5,3.45,92.0,99.0,19.0,58.0
1104609,201,0,Caucasian,Female,over_65,Unknown,Unknown,Unknown,2.22,136.0,134.0,4.0,96.5,99.0,20.0,38.0
1104960,205,0,Caucasian,Female,over_65,Unknown,Unknown,Northeast,3.6,139.0,105.5,5.1,71.0,99.0,18.0,
1105687,201,0,Caucasian,Female,over_65,Unknown,Unknown,Unknown,1.67,139.0,139.0,5.35,62.0,98.0,18.0,61.0
1105833,202,0,Caucasian,Female,over_65,Unknown,Unknown,Northeast,1.4300000000000002,139.0,150.5,4.5,85.0,100.0,,90.0
1105834,202,0,Caucasian,Female,over_65,Unknown,Unknown,Northeast,0.79,136.0,99.0,3.6,84.0,100.0,,
1106162,204,0,Caucasian,Male,over_65,Unknown,Unknown,Northeast,0.5,139.0,149.0,4.1,66.0,93.0,19.0,40.0
1106309,200,1,Caucasian,Female,over_65,Unknown,Unknown,Northeast,1.4,131.0,101.0,4.1,62.0,96.0,11.0,99.0
1107208,199,0,Caucasian,Female,over_65,Unknown,Unknown,Northeast,0.8,137.0,105.0,4.4,65.0,99.0,13.0,
1107209,199,0,Caucasian,Female,over_65,Unknown,Unknown,Northeast,0.7,140.0,101.0,4.5,64.0,100.0,11.0,
1107902,206,0,Caucasian,Male,over_65,Unknown,Unknown,Northeast,0.9,140.5,120.5,3.8,80.0,97.0,22.0,29.0
1108808,201,0,Caucasian,Male,over_65,Unknown,Unknown,Unknown,0.78,142.0,121.0,3.4,80.0,100.0,15.0,42.0
1109136,206,1,Caucasian,Male,over_65,Unknown,Unknown,Northeast,1.2000000000000002,136.5,146.5,3.9,70.0,100.0,16.0,123.0
1111554,200,0,Caucasian,Male,over_65,Unknown,Unknown,Northeast,1.8,139.0,186.0,3.8,82.0,95.0,14.0,53.0
1111686,200,0,Caucasian,Male,over_65,Unknown,Unknown,Northeast,0.75,138.5,110.0,4.5,62.0,98.0,32.0,74.0
1113145,206,1,Caucasian,Female,over_65,Unknown,Unknown,Northeast,2.1,138.0,214.0,4.85,93.5,96.0,21.0,78.0
1113267,199,0,Caucasian,Male,over_65,Unknown,Unknown,Northeast,1.0,135.0,114.0,3.9,109.0,94.0,20.0,
1113268,199,0,Caucasian,Male,over_65,Unknown,Unknown,Northeast,1.0,137.0,118.0,3.9,,,,
1114748,203,1,Caucasian,Male,over_65,Unknown,Unknown,Unknown,2.47,141.0,230.0,3.9,113.0,97.0,26.0,70.0
1115347,203,1,Caucasian,Female,over_65,Unknown,Unknown,Unknown,3.24,139.0,122.0,4.2,96.0,94.0,12.0,56.0
1115614,203,0,Caucasian,Female,over_65,Unknown,Unknown,Unknown,1.49,137.0,106.0,4.4,77.0,90.5,16.0,54.0
1116202,202,1,Caucasian,Female,over_65,Unknown,Unknown,Northeast,1.05,142.5,150.0,4.199999999999999,112.0,97.0,,122.0
1116592,204,0,Caucasian,Male,over_65,Unknown,Unknown,Northeast,0.4,137.0,89.0,4.6,82.0,94.0,23.0,33.0
1116712,201,0,Caucasian,Female,over_65,Unknown,Unknown,Unknown,3.565,135.0,480.0,5.15,87.0,95.0,22.0,76.0
1117332,199,0,Caucasian,Female,over_65,Unknown,Unknown,Northeast,1.0,135.0,131.0,4.0,88.0,99.0,18.0,93.0
1117333,199,0,Caucasian,Female,over_65,Unknown,Unknown,Northeast,0.8,125.0,101.0,4.6,,,,
1117947,200,1,Caucasian,Male,over_65,Unknown,Unknown,Northeast,2.4,142.0,171.0,3.8,90.0,95.0,21.0,84.0
1118171,200,1,Caucasian,Male,over_65,Unknown,Unknown,Northeast,1.6,139.0,125.0,3.7,75.0,98.0,19.0,89.0
1118668,199,0,Caucasian,Female,over_65,Unknown,Unknown,Northeast,0.3,130.0,120.0,4.0,94.0,100.0,21.0,94.0
1118948,202,0,Caucasian,Female,over_65,Unknown,Unknown,Northeast,0.64,146.0,151.0,3.6,80.0,99.0,,
1118949,202,0,Caucasian,Female,over_65,Unknown,Unknown,Northeast,0.685,143.5,152.0,3.5,74.0,98.0,,55.0
1119363,205,0,Caucasian,Male,over_65,Unknown,Unknown,Northeast,,,,,,,,
1119918,206,0,Caucasian,Female,over_65,Unknown,Unknown,Northeast,0.6,134.5,112.5,3.7,90.0,96.0,20.0,57.0
1120065,203,1,Caucasian,Female,over_65,Unknown,Unknown,Unknown,1.125,132.5,86.0,4.85,89.5,84.0,21.5,
1121034,202,0,Caucasian,Female,over_65,Unknown,Unknown,Northeast,0.8,139.0,136.0,4.3,101.0,98.0,,65.0
1121035,202,0,Caucasian,Female,over_65,Unknown,Unknown,Northeast,,,,,,,,
1121036,202,0,Caucasian,Female,over_65,Unknown,Unknown,Northeast,0.7,139.5,116.5,3.8,100.0,95.0,,
1124068,206,0,Caucasian,Male,over_65,Unknown,Unknown,Northeast,0.9,137.0,85.0,3.7,63.0,100.0,14.0,61.0
1124305,206,0,Caucasian,Female,over_65,Unknown,Unknown,Northeast,0.6,135.5,164.5,3.9,87.0,100.0,15.0,75.0
1129073,204,0,Caucasian,Female,over_65,Unknown,Unknown,Northeast,2.85,135.5,111.0,4.4,82.0,97.0,20.0,30.0
1129386,204,0,Caucasian,Female,over_65,Unknown,Unknown,Northeast,1.0,141.0,182.0,4.75,80.0,97.0,19.0,43.0
1131143,206,1,Caucasian,Female,over_65,Unknown,Unknown,Northeast,0.6,136.0,155.0,4.6,94.0,98.0,26.0,46.0
1131174,204,0,Caucasian,Male,over_65,Unknown,Unknown,Northeast,0.8,140.0,93.0,4.4,65.0,95.0,22.0,42.0
1132954,202,0,Caucasian,Male,over_65,Unknown,Unknown,Northeast,1.4,141.5,120.5,4.1,82.0,98.0,15.0,70.0
1133463,204,0,Caucasian,Male,over_65,Unknown,Unknown,Northeast,0.3,136.0,115.0,4.3,81.0,94.0,18.0,36.0
1134986,201,0,Caucasian,Male,over_65,Unknown,Unknown,Unknown,1.45,147.0,146.0,4.7,90.0,91.0,20.0,64.0
1137420,210,0,Caucasian,Male,under_45,Unknown,Unknown,South,0.52,141.0,89.0,3.6,88.0,100.0,14.0,35.0
1141676,210,0,Caucasian,Female,over_65,Unknown,Unknown,South,1.23,138.0,145.0,3.6,86.0,98.0,23.0,44.0
1141764,210,0,Caucasian,Female,over_65,Unknown,Unknown,South,0.74,135.0,95.0,4.4,94.0,95.0,20.0,56.0
1143992,208,0,Caucasian,Female,over_65,Unknown,Unknown,South,0.86,131.0,107.0,4.0,87.0,96.0,23.0,56.0
1144659,208,0,Caucasian,Female,over_65,Unknown,Unknown,South,0.63,142.0,102.0,3.0,107.0,94.0,24.0,47.0
1145673,208,0,Caucasian,Female,over_65,Unknown,Unknown,South,1.06,139.0,120.0,3.5,57.0,97.0,16.0,67.0
1147520,209,0,Hispanic,Female,over_65,Unknown,Unknown,Unknown,0.78,137.0,186.0,3.6,79.0,96.0,20.0,72.0
1151591,208,0,Caucasian,Male,over_65,Unknown,Unknown,South,1.63,138.0,149.0,4.2,78.0,98.0,21.0,
1151592,208,0,Caucasian,Male,over_65,Unknown,Unknown,South,1.27,132.5,202.5,4.3,72.0,98.0,20.0,
1152973,209,0,Caucasian,Male,45_65,Unknown,Unknown,Unknown,0.78,134.0,102.0,4.1,79.0,99.0,12.0,30.0
1154605,210,0,Caucasian,Female,over_65,Unknown,Unknown,South,,136.0,134.0,4.5,94.0,98.0,17.0,80.0
1154606,210,0,Caucasian,Female,over_65,Unknown,Unknown,South,0.6,148.5,160.0,3.95,91.0,97.0,16.0,101.0
1155753,207,0,Caucasian,Female,45_65,Unknown,Unknown,South,0.475,137.5,191.5,4.15,80.0,97.0,19.0,
1156775,210,0,African American,Female,over_65,Unknown,Unknown,South,1.03,141.0,191.0,3.4,78.0,99.0,18.0,44.0
1160785,208,0,Caucasian,Male,over_65,Unknown,Unknown,South,1.9,137.0,189.0,4.6,61.0,99.0,13.0,54.0
1161025,207,0,Unknown,Male,45_65,Unknown,Unknown,South,0.74,142.0,95.5,3.3,81.0,95.0,18.0,
1161026,207,0,Unknown,Male,45_65,Unknown,Unknown,South,0.7849999999999999,142.5,140.5,3.95,99.0,96.0,18.0,41.0
1161082,208,0,Caucasian,Female,45_65,Unknown,Unknown,South,0.66,140.0,92.0,3.6,58.0,99.0,14.0,
1161207,210,0,Caucasian,Male,over_65,Unknown,Unknown,South,1.68,130.0,100.0,3.5,83.0,98.0,20.0,57.0
1162902,207,0,Caucasian,Male,over_65,Unknown,Unknown,South,,,,,62.0,100.0,22.0,
1162903,207,0,Caucasian,Male,over_65,Unknown,Unknown,South,1.26,138.5,126.0,4.6,66.0,99.0,21.0,56.0
1164093,210,0,Caucasian,Male,45_65,Unknown,Unknown,South,0.8049999999999999,138.0,114.0,4.4,96.0,95.0,19.0,25.0
1166018,209,0,Caucasian,Female,45_65,Unknown,Unknown,Unknown,0.55,140.0,93.0,3.8,81.0,98.0,18.0,39.0
1167770,210,0,African American,Male,under_45,Unknown,Unknown,South,1.185,136.0,199.5,4.2,86.0,98.0,26.0,27.0
1171473,209,0,Caucasian,Female,45_65,Unknown,Unknown,Unknown,0.68,141.0,103.0,3.9,80.0,99.0,24.0,48.0
1173453,209,0,Hispanic,Male,45_65,Unknown,Unknown,Unknown,1.535,143.0,122.0,3.35,106.0,97.0,20.0,68.0
1174746,209,0,Caucasian,Male,over_65,Unknown,Unknown,Unknown,1.99,138.0,119.0,4.1,80.0,94.0,23.0,63.0
1174911,207,0,Caucasian,Male,over_65,Unknown,Unknown,South,1.75,153.0,229.0,6.4,75.0,98.0,23.0,
1174912,207,0,Caucasian,Male,over_65,Unknown,Unknown,South,1.77,153.0,349.0,5.3,73.0,98.0,22.0,79.0
1176674,209,0,Caucasian,Male,45_65,Unknown,Unknown,Unknown,2.105,128.0,149.5,4.199999999999999,66.0,98.0,22.0,53.0
1176675,209,0,Caucasian,Male,45_65,Unknown,Unknown,Unknown,1.185,131.5,160.5,3.4,80.0,95.0,29.0,31.0
1177589,210,0,Caucasian,Male,over_65,Unknown,Unknown,South,1.295,136.5,159.0,4.05,66.0,98.0,19.0,50.0
1179671,210,0,African American,Male,under_45,Unknown,Unknown,South,1.12,137.0,210.0,4.0,98.0,97.0,26.5,33.0
1180412,207,0,Caucasian,Male,over_65,Unknown,Unknown,South,4.03,138.5,116.5,4.25,77.0,,,
1182006,208,0,Caucasian,Female,over_65,Unknown,Unknown,South,1.23,138.5,121.5,4.9,72.0,98.0,17.0,62.0
1184492,210,0,Caucasian,Female,over_65,Unknown,Unknown,South,2.62,134.0,182.0,4.1,81.0,96.0,30.0,90.0
1185666,209,0,Caucasian,Female,under_45,Unknown,Unknown,Unknown,0.62,139.5,107.0,3.35,92.0,98.0,16.0,34.0
1186020,210,0,Caucasian,Female,over_65,Unknown,Unknown,South,1.11,137.0,90.0,4.1,88.0,100.0,19.0,54.0
1189921,207,0,Caucasian,Male,under_45,Unknown,Unknown,South,1.18,139.0,194.0,4.05,63.0,98.0,19.0,
1191262,208,0,African American,Male,over_65,Unknown,Unknown,South,1.03,137.0,118.0,4.0,93.0,97.0,16.0,50.0
1191583,208,0,Caucasian,Female,over_65,Unknown,Unknown,South,0.53,134.0,104.0,3.25,86.0,99.0,20.0,
1192076,208,0,Caucasian,Male,45_65,Unknown,Unknown,South,7.245,140.5,144.5,4.3,82.0,99.0,15.0,
1193511,209,0,Caucasian,Male,45_65,Unknown,Unknown,Unknown,0.965,136.5,142.5,3.8,101.0,96.0,29.0,46.0
1195714,208,0,African American,Male,45_65,Unknown,Unknown,South,1.13,138.0,135.0,4.7,75.0,98.0,19.0,31.0
1201396,207,0,Caucasian,Female,over_65,Unknown,Unknown,South,1.22,136.0,106.0,4.5,80.0,98.0,12.0,
1204914,207,0,Caucasian,Female,under_45,Unknown,Unknown,South,0.66,139.0,85.5,4.449999999999999,82.0,100.0,15.0,
1211078,209,1,Caucasian,Female,over_65,Unknown,Unknown,Unknown,0.78,135.0,377.0,4.2,97.0,100.0,22.0,134.0
1211532,207,0,Caucasian,Female,over_65,Unknown,Unknown,South,1.3199999999999998,143.5,113.0,4.45,64.0,,,
1212475,207,0,Caucasian,Female,over_65,Unknown,Unknown,South,0.68,136.0,94.0,4.2,108.0,,,
1215338,209,0,Caucasian,Male,45_65,Unknown,Unknown,Unknown,0.88,138.0,109.0,4.5,54.0,92.0,20.0,51.0
1218183,215,0,Caucasian,Female,under_45,Unknown,Unknown,South,0.8,137.0,108.0,3.7,106.0,97.0,,33.0
1224149,224,0,Hispanic,Male,over_65,Unknown,Unknown,South,1.4,145.0,109.0,4.3,54.0,95.0,,63.0
1226346,224,0,Caucasian,Female,over_65,Unknown,Unknown,South,0.6,146.5,131.0,4.25,107.0,96.0,32.0,67.0
1226362,224,0,Caucasian,Female,over_65,Unknown,Unknown,South,0.8,141.0,111.5,4.1,92.0,95.0,20.0,57.0
1229669,217,1,Caucasian,Female,45_65,Unknown,Unknown,South,6.6,139.0,81.5,3.85,94.0,100.0,24.0,132.0
1235619,215,0,Hispanic,Male,under_45,Unknown,Unknown,South,0.9,139.5,222.5,4.1,91.0,100.0,16.0,27.0
1247212,215,0,Hispanic,Male,under_45,Unknown,Unknown,South,0.75,138.5,199.5,3.4,80.5,98.0,15.0,22.0
1247906,215,0,Caucasian,Female,over_65,Unknown,Unknown,South,0.6,136.5,102.5,3.85,98.0,96.0,24.0,52.0
1248493,215,0,Caucasian,Female,over_65,Unknown,Unknown,South,1.0,146.0,183.0,4.1,83.0,98.0,20.0,83.0
1250975,224,0,African American,Male,over_65,Unknown,Unknown,South,2.1,143.0,117.0,3.8,71.0,99.0,19.0,78.0
1250976,224,0,African American,Male,over_65,Unknown,Unknown,South,2.1,144.0,246.0,4.2,,,,
1251159,215,0,Caucasian,Female,over_65,Unknown,Unknown,South,1.0,139.0,110.0,4.4,75.0,94.0,,84.0
1252128,215,1,Caucasian,Female,45_65,Unknown,Unknown,South,1.1,144.0,344.0,5.2,6.0,92.0,0.0,
1252348,220,0,Caucasian,Female,over_65,Unknown,Unknown,South,0.7,136.0,126.0,4.4,99.0,94.0,23.0,49.0
1252507,220,0,Caucasian,Female,under_45,Unknown,Unknown,South,0.8,137.5,103.5,4.25,80.0,,,23.0
1252888,217,0,Caucasian,Female,over_65,Unknown,Unknown,South,0.75,133.0,96.0,3.9,81.5,99.0,,62.0
1253494,215,0,African American,Female,under_45,Unknown,Unknown,South,1.6,141.0,161.0,5.4,89.0,99.0,13.0,52.0
1254957,220,0,Caucasian,Female,45_65,Unknown,Unknown,South,0.7,142.0,114.0,4.3,89.0,98.0,17.0,47.0
1255562,217,0,Hispanic,Female,45_65,Unknown,Unknown,South,0.7,141.0,147.0,3.45,80.0,99.0,,30.0
1256137,217,0,Caucasian,Male,45_65,Unknown,Unknown,South,0.7,137.0,93.5,3.6,112.0,97.0,,59.0
1259283,224,0,Native American,Male,over_65,Unknown,Unknown,South,3.1,139.0,127.0,4.3,79.0,98.0,14.0,26.0
1259416,220,0,Hispanic,Male,over_65,Unknown,Unknown,South,4.4,137.0,99.0,4.25,69.0,98.0,19.0,50.0
1259537,215,0,Caucasian,Female,over_65,Unknown,Unknown,South,0.6,133.0,101.0,4.0,87.0,94.0,23.0,49.0
1260940,224,0,Caucasian,Male,over_65,Unknown,Unknown,South,2.75,130.0,144.0,4.4,95.0,97.0,,52.0
1261141,215,0,Caucasian,Female,over_65,Unknown,Unknown,South,0.9,137.0,143.0,3.9,90.0,97.0,25.0,42.0
1263251,224,0,African American,Male,over_65,Unknown,Unknown,South,1.9,144.0,115.0,3.5,68.0,99.0,,53.0
1263937,220,0,Caucasian,Male,over_65,Unknown,Unknown,South,0.6499999999999999,141.5,99.5,3.8,68.0,,,50.0
1264637,215,0,African American,Female,under_45,Unknown,Unknown,South,3.35,136.5,195.0,4.35,73.0,98.0,,47.0
1267484,217,0,Caucasian,Female,45_65,Unknown,Unknown,South,0.7,134.0,179.5,4.1,105.0,96.0,,89.0
1270422,217,0,Caucasian,Female,45_65,Unknown,Unknown,South,0.55,137.5,94.0,3.8,113.0,99.0,,37.0
1271379,224,0,African American,Male,over_65,Unknown,Unknown,South,1.9,144.0,111.5,3.8,84.0,97.0,,49.0
1272544,224,0,Caucasian,Male,over_65,Unknown,Unknown,South,0.8,134.5,128.0,3.4,67.0,98.0,,60.0
1275596,220,1,Asian,Female,over_65,Unknown,Unknown,South,0.9,139.0,142.0,4.0,108.0,97.0,33.0,55.0
1278738,215,0,Caucasian,Male,45_65,Unknown,Unknown,South,0.8,142.5,171.0,3.95,87.0,98.0,21.0,57.0
1282634,215,0,African American,Female,under_45,Unknown,Unknown,South,1.9,138.0,246.0,4.4,96.0,100.0,,37.0
1282697,224,0,Other/Unknown,Female,45_65,Unknown,Unknown,South,0.8500000000000001,143.0,127.5,3.75,67.0,98.0,21.0,51.0
1287791,224,1,Caucasian,Female,over_65,Unknown,Unknown,South,0.7,144.5,109.0,3.9,95.0,99.0,,62.0
1289294,224,0,Caucasian,Male,over_65,Unknown,Unknown,South,0.9,137.0,129.0,3.7,92.0,97.0,,33.0
1290248,220,0,Hispanic,Male,over_65,Unknown,Unknown,South,3.2,135.0,93.0,3.7,57.0,100.0,16.0,48.0
1290999,220,0,Caucasian,Female,under_45,Unknown,Unknown,South,0.7,141.5,84.5,3.7,75.0,,,33.0
1291973,224,0,African American,Male,over_65,Unknown,Unknown,South,1.55,144.5,119.0,3.75,66.0,98.0,12.0,51.0
1292009,217,1,African American,Male,over_65,Unknown,Unknown,South,2.0,136.0,174.0,3.8,114.0,81.0,14.5,
1292649,217,0,Caucasian,Female,45_65,Unknown,Unknown,South,0.7,139.0,103.5,4.35,79.0,96.0,,22.0
1293742,215,0,Caucasian,Female,45_65,Unknown,Unknown,South,0.7,141.0,108.5,4.3,70.0,96.0,17.0,76.0
1294380,224,0,Native American,Male,over_65,Unknown,Unknown,South,4.0,138.0,119.0,4.8,84.0,99.0,14.0,50.0
1295372,224,0,African American,Female,45_65,Unknown,Unknown,South,1.0,143.0,114.5,4.050000000000001,118.0,97.0,15.0,66.0
1297084,224,0,African American,Male,over_65,Unknown,Unknown,South,1.8,145.0,109.0,3.5,59.0,96.0,,45.0
1298149,220,0,Caucasian,Male,over_65,Unknown,Unknown,South,0.8,136.0,327.0,4.1,60.0,94.0,15.0,
1298150,220,0,Caucasian,Male,over_65,Unknown,Unknown,South,0.8,135.0,312.0,4.2,66.0,96.0,17.0,
1298314,220,0,Caucasian,Male,45_65,Unknown,Unknown,South,1.15,142.0,118.0,3.5,78.5,95.0,15.0,53.0
1303268,217,0,African American,Female,over_65,Unknown,Unknown,South,1.8,138.0,128.0,4.0,107.0,98.0,19.0,58.0
1307826,217,0,Asian,Female,over_65,Unknown,Unknown,South,6.65,138.0,105.0,5.550000000000001,88.0,100.0,25.0,90.0
1308131,220,0,Caucasian,Female,over_65,Unknown,Unknown,South,0.8,141.0,93.0,3.8,54.0,99.0,15.0,67.0
1311473,224,0,Caucasian,Female,over_65,Unknown,Unknown,South,1.0,144.0,130.0,3.5,90.0,99.0,23.0,52.0
1314510,226,0,Hispanic,Male,under_45,Unknown,Unknown,West,1.0,137.0,147.0,4.2,90.0,95.0,19.0,8.0
1318254,227,0,Caucasian,Male,45_65,Unknown,Unknown,West,0.64,134.5,101.0,3.9,88.0,96.0,12.0,48.0
1323983,227,0,African American,Male,45_65,Unknown,Unknown,West,0.92,130.0,316.0,4.1,98.0,98.0,22.0,43.0
1325741,226,1,Other/Unknown,Male,over_65,Unknown,Unknown,West,1.22,143.5,148.5,3.7,75.0,94.0,23.0,48.0
1325742,226,1,Other/Unknown,Male,over_65,Unknown,Unknown,West,1.29,137.0,155.0,3.9,66.0,96.0,23.0,63.0
1326749,227,0,Caucasian,Male,over_65,Unknown,Unknown,West,1.23,139.0,107.0,4.2,80.0,95.0,22.0,51.0
1327852,226,0,Hispanic,Male,under_45,Unknown,Unknown,West,0.985,136.0,293.0,4.65,84.0,98.0,16.0,49.0
1332638,227,0,Caucasian,Female,over_65,Unknown,Unknown,West,1.01,136.5,105.5,3.85,72.0,97.0,20.0,57.0
1334350,227,1,Caucasian,Male,over_65,Unknown,Unknown,West,1.28,141.0,84.0,4.2,68.0,97.0,15.0,41.0
1335511,226,0,Caucasian,Male,over_65,Unknown,Unknown,West,0.7,145.0,102.0,3.5,84.0,95.0,20.0,65.0
1335985,227,0,Caucasian,Male,over_65,Unknown,Unknown,West,1.76,140.0,147.0,3.5,69.0,95.0,20.0,44.0
1338010,226,0,Caucasian,Female,over_65,Unknown,Unknown,West,0.58,141.0,89.0,3.5,92.5,97.0,19.0,
1341462,226,0,Caucasian,Male,under_45,Unknown,Unknown,West,0.48,137.0,119.5,3.7,85.0,97.0,22.0,14.0
1341845,227,0,Hispanic,Male,over_65,Unknown,Unknown,West,0.72,142.0,118.0,3.85,70.0,98.0,19.0,66.0
1345180,227,0,Caucasian,Female,over_65,Unknown,Unknown,West,1.165,133.0,169.5,3.35,92.0,98.0,17.0,58.0
1350881,226,0,Caucasian,Male,under_45,Unknown,Unknown,West,0.94,141.5,131.5,3.8,87.0,100.0,20.0,47.0
1351888,227,0,Caucasian,Male,45_65,Unknown,Unknown,West,0.78,139.0,119.0,4.2,80.0,99.0,14.0,32.0
1352773,227,0,Caucasian,Male,over_65,Unknown,Unknown,West,0.87,140.0,107.0,3.8,70.0,95.0,18.0,63.0
1358809,226,0,Caucasian,Male,under_45,Unknown,Unknown,West,0.73,140.0,118.0,4.1,81.0,98.0,18.0,29.0
1359171,226,0,Hispanic,Female,over_65,Unknown,Unknown,West,0.71,138.0,109.5,3.9,87.0,97.0,19.0,
1359918,227,0,Caucasian,Male,over_65,Unknown,Unknown,West,0.35,128.0,96.0,3.85,80.0,97.0,18.0,40.0
1363755,226,0,Caucasian,Female,over_65,Unknown,Unknown,West,0.86,138.0,148.0,3.5,76.0,98.0,25.0,81.0
1433842,244,1,Caucasian,Female,over_65,Unknown,Unknown,South,0.6699999999999999,134.5,98.0,4.8,101.0,96.0,,58.0
1436955,246,0,Caucasian,Female,under_45,Unknown,Unknown,South,,,,,71.0,96.0,22.0,
1437505,245,0,Caucasian,Male,under_45,Unknown,Unknown,South,0.615,134.5,197.0,3.55,73.0,100.0,,19.0
1437826,243,0,African American,Female,over_65,Unknown,Unknown,South,0.56,139.0,147.0,3.75,119.0,96.0,19.0,61.0
1439473,243,0,African American,Female,under_45,Unknown,Unknown,South,11.75,134.0,92.0,4.8,110.0,95.0,,50.0
1439835,243,0,Other/Unknown,Male,45_65,Unknown,Unknown,South,0.91,136.0,124.0,4.1,51.0,100.0,19.0,40.0
1441035,243,1,Caucasian,Male,under_45,Unknown,Unknown,South,1.865,138.0,442.0,5.9,,,,
1441069,244,0,Asian,Male,over_65,Unknown,Unknown,South,0.65,145.0,270.0,4.0,114.0,98.0,,53.0
1441610,245,0,Caucasian,Female,over_65,Unknown,Unknown,South,1.0750000000000002,136.5,125.5,3.45,77.0,92.0,18.0,55.0
1443414,245,0,African American,Male,under_45,Unknown,Unknown,South,0.815,135.5,235.5,3.9,81.0,100.0,,38.0
1444850,244,0,Caucasian,Female,under_45,Unknown,Unknown,South,0.5800000000000001,139.0,282.5,4.25,88.0,98.0,,36.0
1447123,243,0,African American,Female,over_65,Unknown,Unknown,South,0.62,143.5,96.0,3.8,69.0,99.0,,
1447124,243,0,African American,Female,over_65,Unknown,Unknown,South,1.0,143.0,110.0,3.6,59.0,99.0,,
1448756,243,0,African American,Male,45_65,Unknown,Unknown,South,1.0550000000000002,141.0,142.0,3.75,81.0,99.0,16.0,31.0
1449360,246,0,Caucasian,Female,under_45,Unknown,Unknown,South,1.11,135.0,99.0,4.0,,99.0,,
1450140,243,0,African American,Female,under_45,Unknown,Unknown,South,8.65,136.0,88.0,3.55,129.0,,,
1450141,243,0,African American,Female,under_45,Unknown,Unknown,South,11.96,134.0,93.0,4.25,114.0,99.0,,
1450177,246,0,Caucasian,Female,over_65,Unknown,Unknown,South,0.57,136.0,126.5,3.65,88.0,96.0,,
1451800,246,0,African American,Female,under_45,Unknown,Unknown,South,0.64,137.0,85.0,4.1,,99.0,,
1453811,243,0,Caucasian,Female,over_65,Unknown,Unknown,South,0.85,141.0,101.0,3.8,60.0,100.0,,
1455088,245,0,Caucasian,Female,45_65,Unknown,Unknown,South,1.13,140.0,122.0,4.3,54.0,98.0,,56.0
1456586,246,0,African American,Female,under_45,Unknown,Unknown,South,0.83,135.0,103.0,3.9,,99.0,,
1457319,245,0,Caucasian,Female,over_65,Unknown,Unknown,South,0.785,142.0,137.5,3.9,75.0,93.0,,49.0
1457680,244,0,African American,Female,45_65,Unknown,Unknown,South,3.305,136.0,139.5,4.199999999999999,64.0,99.0,,43.0
1457949,245,0,Caucasian,Male,under_45,Unknown,Unknown,South,0.63,135.5,469.5,3.75,60.0,,,15.0
1461035,246,0,Caucasian,Female,under_45,Unknown,Unknown,South,0.74,136.0,79.0,4.3,,98.0,,
1462227,243,0,African American,Female,under_45,Unknown,Unknown,South,13.63,135.5,87.5,4.5,94.0,100.0,,35.0
1463884,245,0,Caucasian,Male,under_45,Unknown,Unknown,South,0.57,134.0,166.0,3.4,57.5,100.0,,36.0
1466698,245,0,Caucasian,Male,over_65,Unknown,Unknown,South,1.15,137.5,180.0,3.45,109.0,96.0,18.0,52.0
1473617,245,0,Caucasian,Male,over_65,Unknown,Unknown,South,1.4249999999999998,139.5,208.5,4.699999999999999,71.0,96.0,15.0,62.0
1474690,244,0,Asian,Male,over_65,Unknown,Unknown,South,0.76,139.0,193.0,3.9,94.0,97.0,,41.0
1478653,243,0,Caucasian,Male,over_65,Unknown,Unknown,South,0.85,143.0,107.0,4.3,71.0,95.0,,
1483029,245,0,African American,Male,45_65,Unknown,Unknown,South,1.225,140.0,164.0,3.9,87.0,,,34.0
1485382,245,0,Caucasian,Male,over_65,Unknown,Unknown,South,1.09,137.5,109.5,3.85,88.0,94.0,16.0,39.0
1488334,245,0,Caucasian,Male,under_45,Unknown,Unknown,South,0.6,134.0,286.0,3.7,61.0,98.0,15.0,33.0
1488633,244,0,Caucasian,Female,over_65,Unknown,Unknown,South,0.59,119.5,104.5,3.6,74.0,99.0,,45.0
1492182,243,0,Caucasian,Female,over_65,Unknown,Unknown,South,0.87,143.5,98.5,3.75,58.0,97.0,13.0,
1494982,243,0,African American,Female,under_45,Unknown,Unknown,South,7.225,141.0,93.5,4.25,93.0,100.0,21.0,44.0
1496959,245,1,Caucasian,Female,45_65,Unknown,Unknown,South,0.58,140.0,164.0,3.3,100.0,94.0,22.0,58.0
1497157,246,0,Caucasian,Female,under_45,Unknown,Unknown,South,0.55,136.0,94.0,3.8,,97.0,,
1501907,244,0,Caucasian,Male,under_45,Unknown,Unknown,South,0.695,133.0,245.5,3.85,105.0,100.0,16.0,48.0
1502521,244,0,Caucasian,Female,under_45,Unknown,Unknown,South,0.45,135.0,240.0,4.1,80.0,96.0,20.0,42.0
1506131,243,0,African American,Female,under_45,Unknown,Unknown,South,7.71,137.0,130.0,3.9,85.0,99.0,,36.0
1507417,245,0,African American,Male,45_65,Unknown,Unknown,South,1.22,135.0,199.5,4.25,90.0,96.0,21.0,20.0
1507565,243,0,Caucasian,Female,over_65,Unknown,Unknown,South,0.8300000000000001,142.5,102.0,3.7,57.0,98.0,14.0,
1514653,244,0,Caucasian,Female,over_65,Unknown,Unknown,South,0.8,143.0,113.0,4.35,99.0,95.0,,35.0
1516341,243,0,African American,Female,under_45,Unknown,Unknown,South,10.175,134.5,77.5,4.1,90.0,96.0,,53.0
1516976,243,0,African American,Female,under_45,Unknown,Unknown,South,12.91,138.5,78.0,4.6,106.0,97.0,,
1525675,243,0,Other/Unknown,Male,over_65,Unknown,Unknown,South,2.17,136.5,140.0,3.9,95.0,97.0,20.0,63.0
1528129,244,0,African American,Female,under_45,Unknown,Unknown,South,0.8,142.0,98.0,3.7,66.0,100.0,,7.0
1532382,245,0,African American,Male,45_65,Unknown,Unknown,South,1.15,146.0,92.0,3.8,76.0,98.0,,88.0
1536635,243,0,African American,Female,under_45,Unknown,Unknown,South,9.05,133.5,95.5,4.85,110.0,96.0,,22.0
1536927,246,0,African American,Female,under_45,Unknown,Unknown,South,0.665,135.0,82.0,3.35,,98.0,,
1540035,243,0,African American,Female,under_45,Unknown,Unknown,South,10.455,135.0,99.0,4.6,94.0,98.0,,
1544756,244,0,Caucasian,Female,over_65,Unknown,Unknown,South,1.75,142.5,131.0,3.85,95.5,98.0,,50.0
1545675,246,0,African American,Female,under_45,Unknown,Unknown,South,0.42,134.5,82.5,3.0,75.0,96.0,18.0,
1546668,243,0,Asian,Male,over_65,Unknown,Unknown,South,5.050000000000001,161.5,166.0,3.8,87.0,100.0,,128.0
1547780,244,0,Caucasian,Male,under_45,Unknown,Unknown,South,1.1,141.0,113.0,3.5,86.0,98.0,14.0,16.0
1550318,246,0,Caucasian,Female,under_45,Unknown,Unknown,South,0.835,135.0,95.0,3.85,,94.0,,
1550501,244,0,Caucasian,Female,under_45,Unknown,Unknown,South,0.49,143.0,200.0,3.9,74.0,97.0,,31.0
1553527,252,1,Caucasian,Male,over_65,Unknown,Unknown,Midwest,1.9,130.0,187.0,4.9,139.0,99.0,27.5,97.0
1553788,248,0,Caucasian,Male,45_65,Unknown,Unknown,Midwest,0.62,135.0,127.0,4.7,65.0,95.0,13.0,30.0
1553789,248,0,Caucasian,Male,45_65,Unknown,Unknown,Midwest,0.69,139.0,145.0,3.7,77.0,94.0,17.0,34.0
1553915,249,0,Caucasian,Female,under_45,Unknown,Unknown,Midwest,0.7,137.0,494.0,4.6,104.0,97.0,,27.0
1554049,249,0,Caucasian,Female,over_65,Unknown,Unknown,Midwest,1.24,140.0,97.0,3.8,65.0,97.0,15.0,28.0
1555005,252,0,Caucasian,Female,over_65,Unknown,Unknown,Midwest,2.13,143.0,119.0,4.0,137.0,96.0,22.0,115.0
1555314,249,0,Caucasian,Female,under_45,Unknown,Unknown,Midwest,0.845,138.5,159.5,3.8,112.0,98.0,,49.0
1557373,252,0,Caucasian,Female,over_65,Unknown,Unknown,Midwest,1.275,140.5,74.5,3.8,82.0,96.0,20.0,58.0
1557515,251,0,Other/Unknown,Male,over_65,Unknown,Unknown,Midwest,0.9,131.0,86.0,3.9,74.0,97.0,13.0,35.0
1558170,253,0,Caucasian,Female,45_65,Unknown,Unknown,Midwest,3.14,139.0,151.0,4.05,66.0,99.0,18.0,121.0
1558329,250,0,Caucasian,Male,under_45,Unknown,Unknown,Midwest,0.79,141.0,99.0,4.0,65.0,98.0,11.0,
1558444,250,0,Caucasian,Female,45_65,Unknown,Unknown,Midwest,0.67,142.0,165.0,3.8,93.0,97.0,18.0,14.0
1559041,248,0,Caucasian,Male,over_65,Unknown,Unknown,Midwest,0.95,135.0,131.0,4.1,62.0,95.0,15.0,49.0
1559197,250,0,Caucasian,Female,45_65,Unknown,Unknown,Midwest,1.59,140.0,107.0,3.8,88.0,94.0,20.0,56.0
1560251,250,0,Caucasian,Female,45_65,Unknown,Unknown,Midwest,0.525,143.5,128.5,3.8,69.0,100.0,17.0,34.0
1560307,249,0,Caucasian,Female,over_65,Unknown,Unknown,Midwest,0.65,141.0,128.0,3.65,70.0,97.0,,36.0
1560608,252,0,African American,Male,45_65,Unknown,Unknown,Midwest,1.11,140.0,126.0,3.9,86.0,96.0,23.0,41.0
1563281,251,0,Caucasian,Female,45_65,Unknown,Unknown,Midwest,1.15,140.5,101.0,3.5,94.5,95.0,32.0,73.0
1563484,249,0,Caucasian,Female,under_45,Unknown,Unknown,Midwest,0.63,141.0,127.0,4.1,89.0,96.5,,16.0
1563797,248,0,Other/Unknown,Male,45_65,Unknown,Unknown,Midwest,0.635,130.0,129.0,4.45,85.0,99.0,28.0,49.0
1564685,253,1,Caucasian,Female,45_65,Unknown,Unknown,Midwest,2.615,143.5,85.5,3.9,101.0,55.0,25.0,
1567241,251,0,Caucasian,Female,under_45,Unknown,Unknown,Midwest,1.0,142.0,60.0,3.8,64.5,98.0,15.0,14.0
1567943,251,0,Caucasian,Male,over_65,Unknown,Unknown,Midwest,1.9,137.0,151.0,4.7,72.0,96.0,21.0,61.0
1568171,252,1,Caucasian,Male,over_65,Unknown,Unknown,Midwest,2.105,130.0,145.0,5.1,104.0,97.0,25.0,69.0
1568200,248,0,Caucasian,Male,45_65,Unknown,Unknown,Midwest,0.725,138.0,156.0,3.8,89.0,94.0,20.0,48.0
1568247,248,0,Caucasian,Male,over_65,Unknown,Unknown,Midwest,1.02,138.0,119.0,4.15,84.0,94.0,26.0,66.0
1568445,250,0,Caucasian,Female,over_65,Unknown,Unknown,Midwest,2.175,145.0,122.0,3.6,75.0,96.0,17.0,45.0
1568559,250,0,Caucasian,Female,over_65,Unknown,Unknown,Midwest,0.575,143.0,149.5,3.9,96.0,97.0,16.0,43.0
1569178,248,0,Caucasian,Male,over_65,Unknown,Unknown,Midwest,0.565,138.0,149.0,4.1,93.0,95.0,25.0,79.0
1569285,251,0,Caucasian,Male,over_65,Unknown,Unknown,Midwest,1.6,142.0,95.0,5.5,53.0,97.0,18.0,79.0
1569571,249,0,Caucasian,Female,over_65,Unknown,Unknown,Midwest,0.51,137.0,103.0,4.1,74.0,94.0,,35.0
1570210,251,0,Caucasian,Male,over_65,Unknown,Unknown,Midwest,3.5,138.0,143.0,5.9,121.0,95.0,21.0,54.0
1571036,253,0,Caucasian,Female,over_65,Unknown,Unknown,Midwest,0.94,143.0,110.0,4.3,94.0,96.0,26.0,70.0
1571101,253,0,Caucasian,Male,45_65,Unknown,Unknown,Midwest,0.98,137.5,102.5,3.95,64.0,96.0,10.0,29.0
1571533,248,0,Caucasian,Male,45_65,Unknown,Unknown,Midwest,1.18,135.5,186.0,4.65,104.0,96.0,24.0,68.0
1572351,250,0,Caucasian,Female,over_65,Unknown,Unknown,Midwest,3.475,146.0,134.0,5.25,79.0,97.0,17.0,76.0
1573545,253,0,Caucasian,Male,over_65,Unknown,Unknown,Midwest,1.425,141.0,160.0,4.05,68.0,94.0,18.0,73.0
1573546,253,0,Caucasian,Male,over_65,Unknown,Unknown,Midwest,1.7400000000000002,139.5,118.5,4.4,77.0,94.0,22.0,71.0
1574603,249,0,Caucasian,Female,over_65,Unknown,Unknown,Midwest,0.93,132.0,151.0,5.3,67.0,100.0,,37.0
1574850,249,0,Caucasian,Male,under_45,Unknown,Unknown,Midwest,0.675,133.5,119.5,4.4,90.0,99.0,,25.0
1575432,250,0,Caucasian,Female,over_65,Unknown,Unknown,Midwest,1.45,142.0,140.0,3.5,71.0,97.0,18.0,62.0
1576578,248,0,Caucasian,Male,45_65,Unknown,Unknown,Midwest,1.2,135.0,144.0,4.75,84.0,95.0,20.0,50.0
1576845,249,0,Caucasian,Female,under_45,Unknown,Unknown,Midwest,0.76,139.0,178.0,4.1,112.0,98.0,,40.0
1576992,252,0,Caucasian,Male,over_65,Unknown,Unknown,Midwest,1.6,138.0,175.0,4.3,78.0,93.0,20.0,30.0
1578108,253,1,Caucasian,Male,over_65,Unknown,Unknown,Midwest,0.93,140.0,107.0,4.0,75.0,99.0,18.0,124.0
1578411,249,0,Caucasian,Female,45_65,Unknown,Unknown,Midwest,0.68,142.0,86.0,3.9,101.0,96.0,,49.0
1580706,249,0,Caucasian,Female,45_65,Unknown,Unknown,Midwest,1.59,139.0,197.0,5.699999999999999,97.0,96.0,15.5,38.0
1580986,249,0,Caucasian,Female,45_65,Unknown,Unknown,Midwest,0.74,133.5,141.0,4.15,92.0,98.0,26.0,49.0
1582472,250,0,Caucasian,Female,over_65,Unknown,Unknown,Midwest,2.35,139.0,121.5,5.1,73.0,94.0,18.0,75.0
1582555,252,0,Caucasian,Female,over_65,Unknown,Unknown,Midwest,0.41,132.0,105.0,3.9,99.0,99.0,17.0,53.0
1584003,253,0,Caucasian,Female,under_45,Unknown,Unknown,Midwest,0.745,136.5,102.0,3.65,89.0,100.0,21.0,18.0
1584838,252,1,Caucasian,Male,45_65,Unknown,Unknown,Midwest,0.69,136.0,203.0,3.1,67.0,100.0,16.0,129.0
1585807,251,0,Caucasian,Male,over_65,Unknown,Unknown,Midwest,1.0,139.0,184.0,4.5,86.0,94.0,18.0,71.0
1587217,252,1,Caucasian,Female,over_65,Unknown,Unknown,Midwest,0.845,134.5,201.0,4.1,104.5,100.0,26.0,90.0
1587268,251,0,Caucasian,Female,over_65,Unknown,Unknown,Midwest,1.4500000000000002,143.0,140.5,4.6,82.0,98.0,14.0,90.0
1588177,251,0,Caucasian,Female,over_65,Unknown,Unknown,Midwest,1.3,139.5,131.5,3.65,66.0,96.0,15.0,35.0
1588473,253,0,Caucasian,Male,over_65,Unknown,Unknown,Midwest,1.115,137.0,101.5,4.15,56.0,94.0,16.0,42.0
1588606,250,0,Caucasian,Female,45_65,Unknown,Unknown,Midwest,0.53,140.0,172.0,4.05,63.0,99.0,18.0,37.0
1588817,250,0,Caucasian,Female,45_65,Unknown,Unknown,Midwest,2.44,139.0,81.0,4.2,72.0,98.0,20.0,54.0
1588896,248,0,Caucasian,Male,over_65,Unknown,Unknown,Midwest,1.52,139.0,95.0,4.6,80.0,99.0,23.0,54.0
1590358,250,1,Caucasian,Female,over_65,Unknown,Unknown,Midwest,0.5,134.0,170.0,4.3,92.0,98.0,36.0,60.0
1590387,251,0,Caucasian,Female,45_65,Unknown,Unknown,Midwest,1.2,141.0,120.0,3.7,76.0,97.0,12.0,41.0
1590480,250,0,Caucasian,Male,45_65,Unknown,Unknown,Midwest,0.91,138.0,267.0,3.25,90.0,98.0,16.0,19.0
1590738,252,0,African American,Male,45_65,Unknown,Unknown,Midwest,0.91,139.5,148.0,4.55,71.0,95.0,21.0,25.0
1590842,249,0,Caucasian,Female,under_45,Unknown,Unknown,Midwest,0.62,141.5,132.5,4.3,102.0,97.0,,28.0
1591761,252,0,African American,Male,45_65,Unknown,Unknown,Midwest,,,,,78.0,99.0,24.0,23.0
1592412,248,0,Caucasian,Male,45_65,Unknown,Unknown,Midwest,0.83,138.0,146.0,3.9,71.0,94.0,20.0,41.0
1592593,248,0,Caucasian,Male,45_65,Unknown,Unknown,Midwest,5.18,138.0,355.0,4.55,82.0,95.0,18.0,42.0
1592666,253,0,Caucasian,Male,over_65,Unknown,Unknown,Midwest,1.16,136.0,168.5,4.6,82.0,97.0,17.0,48.0
1592685,248,0,Caucasian,Male,45_65,Unknown,Unknown,Midwest,0.72,136.0,109.0,4.1,89.0,96.0,16.0,33.0
1593179,253,1,Caucasian,Female,under_45,Unknown,Unknown,Midwest,0.54,132.0,195.0,5.1,116.0,100.0,33.0,45.0
1593818,252,0,Caucasian,Female,45_65,Unknown,Unknown,Midwest,0.7050000000000001,140.0,125.0,3.6,53.0,99.0,16.0,43.0
1598701,262,1,Caucasian,Female,over_65,Unknown,Unknown,Midwest,0.785,140.5,177.5,4.0,86.0,97.0,16.0,111.0
1598702,262,1,Caucasian,Female,over_65,Unknown,Unknown,Midwest,,,,,96.5,99.0,8.0,
1599068,263,0,Caucasian,Female,over_65,Unknown,Unknown,Unknown,1.1,136.0,90.0,4.1,100.0,97.0,29.0,
1600008,254,0,Caucasian,Male,45_65,Unknown,Unknown,Midwest,0.5,136.0,119.0,3.9,96.0,98.0,,28.0
1600230,254,0,Caucasian,Male,under_45,Unknown,Unknown,Midwest,0.76,140.0,120.0,3.4,63.0,98.0,,17.0
1602040,264,0,Caucasian,Male,45_65,Unknown,Unknown,Midwest,0.77,141.0,142.0,4.0,66.0,95.0,17.0,20.0
1605185,258,0,Caucasian,Male,45_65,Unknown,Unknown,Midwest,0.96,136.0,98.0,3.6,113.0,96.0,20.0,
1605725,256,0,Caucasian,Female,over_65,Unknown,Unknown,Midwest,1.46,138.0,99.0,3.8,52.0,98.0,,-1.0
1607519,258,0,Caucasian,Female,45_65,Unknown,Unknown,Midwest,0.44,137.5,102.0,3.9,94.0,99.0,18.0,101.0
1608445,264,0,Caucasian,Male,over_65,Unknown,Unknown,Midwest,1.49,137.0,171.5,5.15,59.0,99.0,12.0,
1609629,256,0,Caucasian,Male,under_45,Unknown,Unknown,Midwest,0.75,138.0,102.0,3.8,89.5,100.0,,-1.0
1610742,263,0,Caucasian,Female,45_65,Unknown,Unknown,Unknown,2.0,138.0,169.0,3.5,80.0,94.0,15.0,
1612901,256,0,Caucasian,Female,45_65,Unknown,Unknown,Midwest,0.65,137.0,101.0,4.3,103.0,96.0,20.0,44.0
1613434,264,0,Caucasian,Male,45_65,Unknown,Unknown,Midwest,0.625,138.0,178.0,3.7,102.0,95.0,31.0,49.0
1617862,256,0,Caucasian,Male,under_45,Unknown,Unknown,Midwest,0.575,128.5,150.0,3.5,,98.0,,-1.0
1619343,254,0,Caucasian,Male,45_65,Unknown,Unknown,Midwest,0.74,144.0,214.5,3.7,79.0,95.0,18.0,41.0
1620730,264,0,Caucasian,Male,under_45,Unknown,Unknown,Midwest,3.385,136.0,111.5,4.35,88.0,97.0,18.0,66.0
1620780,263,0,Caucasian,Female,45_65,Unknown,Unknown,Unknown,1.0,149.0,282.5,3.6,84.0,96.0,24.0,
1620810,259,0,African American,Female,under_45,Unknown,Unknown,Midwest,0.88,138.0,150.0,3.9,105.0,98.0,17.0,22.0
1622702,266,0,Caucasian,Female,under_45,Unknown,Unknown,Midwest,2.2,143.0,114.0,4.0,66.0,96.0,17.0,46.0
1624344,258,0,Caucasian,Female,under_45,Unknown,Unknown,Midwest,0.495,133.0,129.5,4.0,103.0,97.5,27.0,24.0
1625701,259,0,Caucasian,Female,45_65,Unknown,Unknown,Midwest,0.46,143.0,138.0,4.5,75.0,100.0,24.0,66.0
1626712,267,0,Caucasian,Female,under_45,Unknown,Unknown,Midwest,0.78,136.0,103.5,3.65,71.0,98.0,15.0,17.0
1629286,263,0,Caucasian,Male,45_65,Unknown,Unknown,Unknown,1.2,137.0,232.5,3.9,76.0,96.0,12.0,
1629316,258,0,Caucasian,Male,over_65,Unknown,Unknown,Midwest,1.09,140.0,104.0,3.5,87.0,100.0,17.0,84.0
1630908,267,0,Caucasian,Male,45_65,Unknown,Unknown,Midwest,0.75,137.0,93.0,4.1,73.0,0.0,20.0,45.0
1631671,262,0,Caucasian,Female,45_65,Unknown,Unknown,Midwest,0.76,139.0,108.0,4.1,94.0,95.0,23.0,30.0
1633333,267,0,Caucasian,Male,over_65,Unknown,Unknown,Midwest,0.88,137.0,111.0,3.9,57.0,96.0,16.0,31.0
1633707,267,0,Caucasian,Male,45_65,Unknown,Unknown,Midwest,1.0,140.0,,3.6,82.0,93.0,12.0,47.0
1635061,259,0,African American,Female,under_45,Unknown,Unknown,Midwest,0.365,139.0,88.5,4.1,106.0,96.0,26.0,108.0
1636307,259,0,African American,Male,45_65,Unknown,Unknown,Midwest,0.665,136.5,115.0,3.45,100.0,100.0,18.0,67.0
1637431,256,0,African American,Female,45_65,Unknown,Unknown,Midwest,0.99,134.0,125.0,4.2,82.0,97.0,,-1.0
1638510,258,0,Caucasian,Male,over_65,Unknown,Unknown,Midwest,0.83,135.0,225.0,4.3,91.0,99.0,16.0,44.0
1642265,267,0,Caucasian,Male,45_65,Unknown,Unknown,Midwest,0.76,138.0,231.0,4.4,76.0,97.0,11.0,63.0
1644719,254,0,Caucasian,Male,45_65,Unknown,Unknown,Midwest,0.76,140.0,153.0,3.8,70.0,96.0,20.0,38.0
1645127,267,0,Caucasian,Female,over_65,Unknown,Unknown,Midwest,0.88,141.0,,4.0,102.0,92.0,24.0,66.0
1645221,266,1,Caucasian,Male,45_65,Unknown,Unknown,Midwest,1.5499999999999998,137.0,84.0,6.35,83.0,73.5,26.0,114.0
1645662,259,0,African American,Male,45_65,Unknown,Unknown,Midwest,1.205,138.0,93.0,5.05,61.0,96.0,12.0,47.0
1648745,267,0,Unknown,Unknown,under_45,Unknown,Unknown,Midwest,0.9,142.0,106.0,3.5,61.0,95.0,20.0,
1650041,262,0,Caucasian,Male,over_65,Unknown,Unknown,Midwest,0.87,122.5,111.5,4.0,59.0,100.0,21.0,42.0
1650500,256,0,Caucasian,Male,45_65,Unknown,Unknown,Midwest,0.8300000000000001,136.5,123.0,4.25,67.0,93.0,,-1.0
1651376,263,0,Caucasian,Male,over_65,Unknown,Unknown,Unknown,2.45,135.0,249.5,3.5,90.0,95.0,16.0,
1651562,263,0,Caucasian,Female,45_65,Unknown,Unknown,Unknown,1.0,136.0,219.5,3.35,86.0,94.0,17.0,
1651765,263,0,Caucasian,Male,over_65,Unknown,Unknown,Unknown,1.4,138.0,166.0,5.5,66.0,96.0,15.0,
1652064,264,0,Caucasian,Male,over_65,Unknown,Unknown,Midwest,0.48,141.0,118.0,4.0,88.0,97.0,19.0,76.0
1652644,266,1,Caucasian,Female,over_65,Unknown,Unknown,Midwest,1.8,135.0,271.0,4.9,104.0,100.0,15.0,
1653043,258,0,Caucasian,Male,45_65,Unknown,Unknown,Midwest,1.13,142.5,107.5,3.8,73.0,95.0,20.0,32.0
1657457,264,0,Caucasian,Male,over_65,Unknown,Unknown,Midwest,1.125,136.5,105.0,3.95,66.0,95.0,17.0,28.0
1657586,258,0,Caucasian,Male,45_65,Unknown,Unknown,Midwest,1.035,136.0,118.0,3.5,88.0,95.0,21.0,
1658004,267,0,Caucasian,Female,45_65,Unknown,Unknown,Midwest,0.73,139.0,124.0,4.1,70.0,95.0,14.0,24.0
1659918,267,0,Caucasian,Male,45_65,Unknown,Unknown,Midwest,1.04,135.0,499.5,4.7,,,,-1.0
1659928,256,0,Caucasian,Male,45_65,Unknown,Unknown,Midwest,0.81,135.0,103.0,3.5,124.0,99.0,,91.0
1660241,266,0,Caucasian,Female,over_65,Unknown,Unknown,Midwest,0.7,137.0,106.0,4.6,,,,
1660684,256,0,Caucasian,Male,over_65,Unknown,Unknown,Midwest,1.49,137.5,85.5,3.55,66.0,100.0,21.0,45.0
1661435,264,0,Caucasian,Male,under_45,Unknown,Unknown,Midwest,0.69,138.0,237.0,4.5,96.0,95.0,14.0,34.0
1661775,267,0,Caucasian,Female,over_65,Unknown,Unknown,Midwest,1.08,136.0,229.0,4.5,71.0,97.0,21.0,46.0
1664335,266,0,Caucasian,Male,under_45,Unknown,Unknown,Midwest,0.8,141.0,155.0,3.95,79.0,91.0,17.0,39.0
1664412,262,0,Caucasian,Male,over_65,Unknown,Unknown,Midwest,1.89,133.5,103.0,6.050000000000001,56.0,96.0,19.0,72.0
1665435,266,0,Caucasian,Female,over_65,Unknown,Unknown,Midwest,0.8,139.0,91.0,3.85,94.0,97.0,22.0,57.0
1666709,266,0,Caucasian,Male,over_65,Unknown,Unknown,Midwest,1.05,135.5,140.5,3.6,84.0,96.0,20.0,42.0
1669711,262,0,Caucasian,Male,45_65,Unknown,Unknown,Midwest,0.8799999999999999,130.5,166.5,3.4,98.0,95.0,23.0,24.0
1670512,262,0,Caucasian,Female,over_65,Unknown,Unknown,Midwest,0.61,133.5,169.0,3.1,59.0,96.0,16.0,42.0
1671276,263,0,Caucasian,Male,45_65,Unknown,Unknown,Unknown,1.05,139.5,88.5,3.6,80.0,93.0,17.0,
1671497,256,0,Caucasian,Male,under_45,Unknown,Unknown,Midwest,0.79,134.0,111.5,3.75,75.0,,,-1.0
1672915,262,0,Caucasian,Male,over_65,Unknown,Unknown,Midwest,0.59,137.0,155.0,3.5,101.0,98.0,16.0,72.0
1673638,264,0,Caucasian,Male,over_65,Unknown,Unknown,Midwest,1.18,147.0,157.0,3.6,114.0,98.0,26.0,69.0
1674473,254,0,Caucasian,Male,45_65,Unknown,Unknown,Midwest,0.775,147.0,92.5,3.45,72.0,99.0,12.0,26.0
1674874,258,0,Caucasian,Female,over_65,Unknown,Unknown,Midwest,0.7,135.0,94.0,4.5,,,,
1674875,258,0,Caucasian,Female,over_65,Unknown,Unknown,Midwest,0.7,130.0,118.0,4.8,88.0,98.0,19.0,42.0
1677540,267,0,Caucasian,Male,45_65,Unknown,Unknown,Midwest,0.87,140.0,107.0,3.4,56.0,97.0,16.0,33.0
1679064,258,0,Caucasian,Male,over_65,Unknown,Unknown,Midwest,1.0,137.0,119.0,4.25,,,,
1680400,256,0,Caucasian,Male,45_65,Unknown,Unknown,Midwest,0.85,139.5,103.0,3.7,75.0,95.0,16.0,35.0
1681068,263,1,Caucasian,Female,over_65,Unknown,Unknown,Unknown,2.6,136.5,79.0,4.3,126.0,96.0,27.0,
1682105,259,1,African American,Female,45_65,Unknown,Unknown,Midwest,7.865,138.0,114.5,5.2,101.0,99.0,20.0,120.0
1682793,256,0,Caucasian,Female,over_65,Unknown,Unknown,Midwest,0.99,139.0,98.0,4.2,67.0,96.0,17.0,95.0
1682989,262,0,African American,Male,45_65,Unknown,Unknown,Midwest,0.63,136.5,149.5,3.6,110.5,98.0,25.0,30.0
1683717,254,0,Caucasian,Male,under_45,Unknown,Unknown,Midwest,0.83,139.0,115.0,3.2,74.0,96.0,17.0,23.0
1685483,254,0,Caucasian,Male,45_65,Unknown,Unknown,Midwest,0.835,140.5,147.0,4.05,88.0,96.0,,96.0
1685484,254,0,Caucasian,Male,45_65,Unknown,Unknown,Midwest,0.95,138.0,107.0,3.6,,,,
1685731,266,0,Caucasian,Male,45_65,Unknown,Unknown,Midwest,0.6,125.5,105.0,4.15,102.0,97.0,18.0,40.0
1686778,262,0,Caucasian,Female,over_65,Unknown,Unknown,Midwest,1.91,135.0,466.0,4.2,73.0,97.0,17.0,48.0
1687519,263,0,Caucasian,Female,45_65,Unknown,Unknown,Unknown,0.7,136.0,115.0,3.6,120.0,97.0,28.0,
1687744,254,0,Caucasian,Male,under_45,Unknown,Unknown,Midwest,0.79,142.5,121.0,3.5,86.0,98.0,20.0,16.0
1687775,258,0,Caucasian,Female,45_65,Unknown,Unknown,Midwest,0.43,140.0,129.0,4.0,82.0,93.0,16.0,34.0
1692067,259,0,African American,Male,45_65,Unknown,Unknown,Midwest,1.58,141.0,100.0,3.65,60.0,100.0,17.0,62.0
1693494,264,0,Caucasian,Male,45_65,Unknown,Unknown,Midwest,0.76,132.5,130.0,4.1,68.0,97.0,19.0,38.0
1694608,256,1,Caucasian,Female,over_65,Unknown,Unknown,Midwest,1.605,135.5,199.0,4.65,104.0,98.0,,-1.0
1695183,262,0,African American,Male,45_65,Unknown,Unknown,Midwest,1.285,136.5,94.0,3.3,99.0,100.0,19.0,59.0
1702184,259,0,Caucasian,Male,45_65,Unknown,Unknown,Midwest,0.35,138.0,119.5,3.5,92.0,99.0,16.0,57.0
1703287,266,0,Caucasian,Female,45_65,Unknown,Unknown,Midwest,0.8,138.0,92.0,4.2,66.0,93.0,16.0,35.0
1705630,259,0,Caucasian,Male,45_65,Unknown,Unknown,Midwest,0.35,135.0,121.0,3.4,78.0,94.0,15.0,44.0
1707249,266,0,Caucasian,Male,over_65,Unknown,Unknown,Midwest,1.3,140.0,109.0,4.7,66.0,95.0,15.0,49.0
1708886,264,0,Caucasian,Male,under_45,Unknown,Unknown,Midwest,0.975,140.5,111.5,4.45,79.0,94.0,17.0,30.0
1709755,263,0,Caucasian,Male,under_45,Unknown,Unknown,Unknown,0.6,133.0,242.0,3.8,72.0,96.0,15.0,
1709991,259,0,Caucasian,Male,over_65,Unknown,Unknown,Midwest,4.550000000000001,139.0,104.0,4.0,87.0,96.0,19.0,46.0
1712442,258,0,Caucasian,Female,under_45,Unknown,Unknown,Midwest,0.61,138.5,113.5,3.0,74.0,100.0,15.0,34.0
1713012,254,0,Caucasian,Male,under_45,Unknown,Unknown,Midwest,0.515,136.0,93.0,3.85,111.0,99.0,,14.0
1713320,267,0,Caucasian,Male,45_65,Unknown,Unknown,Midwest,1.005,141.0,,4.15,82.0,93.0,11.0,60.0
1714511,264,0,Caucasian,Male,45_65,Unknown,Unknown,Midwest,0.915,137.0,265.5,4.300000000000001,83.0,97.0,15.0,44.0
1714981,258,0,Caucasian,Male,45_65,Unknown,Unknown,Midwest,2.3,136.0,134.0,3.3,97.0,97.0,31.0,39.0
1716206,267,0,Caucasian,Female,over_65,Unknown,Unknown,Midwest,0.92,143.0,,3.7,54.0,95.0,19.0,46.0
1716263,267,0,Caucasian,Male,45_65,Unknown,Unknown,Midwest,0.88,135.0,194.0,4.0,66.0,98.0,21.0,30.0
1716814,254,0,African American,Male,over_65,Unknown,Unknown,Midwest,1.255,144.0,115.5,3.35,101.0,98.0,,46.0
1717851,269,0,African American,Male,45_65,Unknown,Unknown,Unknown,1.86,137.0,123.0,4.3,84.0,98.0,20.0,36.0
1718412,282,0,Caucasian,Male,45_65,Unknown,Unknown,Midwest,0.7,138.0,123.0,3.9,81.0,94.0,22.0,32.0
1718492,269,0,African American,Female,under_45,Unknown,Unknown,Unknown,0.78,128.0,108.0,4.4,96.0,100.0,10.0,41.0
1719419,272,0,Caucasian,Male,45_65,Unknown,Unknown,Midwest,,,,,78.0,95.0,18.0,
1721605,269,0,Caucasian,Female,over_65,Unknown,Unknown,Unknown,1.855,132.0,52.0,5.1,110.0,93.0,35.0,51.0
1723016,279,0,African American,Male,45_65,Unknown,Unknown,Midwest,1.95,135.0,131.0,3.6,71.0,97.0,17.0,
1724218,279,0,Caucasian,Male,over_65,Unknown,Unknown,Midwest,0.95,137.5,109.0,3.7,133.0,95.0,20.0,49.0
1725431,275,0,African American,Male,over_65,Unknown,Unknown,Midwest,6.58,136.0,85.0,3.7,82.0,94.0,27.0,68.0
1725601,282,0,Caucasian,Male,over_65,Unknown,Unknown,Midwest,1.3,143.0,185.0,3.5,102.0,96.0,23.0,47.0
1726091,275,0,Caucasian,Male,over_65,Unknown,Unknown,Midwest,,,,,57.0,95.0,20.0,43.0
1728137,268,1,Other/Unknown,Male,45_65,Unknown,Unknown,Unknown,3.73,137.0,102.5,4.449999999999999,75.0,100.0,30.0,
1728151,281,0,Caucasian,Male,45_65,Unknown,Unknown,Midwest,0.8,138.0,115.5,3.95,91.0,98.0,19.0,25.0
1731644,272,0,Caucasian,Male,over_65,Unknown,Unknown,Midwest,0.9,133.5,110.0,4.199999999999999,64.0,99.0,16.0,34.0
1731654,282,0,Caucasian,Male,over_65,Unknown,Unknown,Midwest,1.2,134.0,120.0,3.7,85.0,99.0,24.5,59.0
1731977,280,0,Other/Unknown,Male,over_65,Unknown,Unknown,Midwest,0.82,140.0,107.0,4.0,88.0,95.0,21.0,69.0
1732031,280,0,Other/Unknown,Female,over_65,Unknown,Unknown,Midwest,1.38,136.0,95.0,3.5,80.0,98.0,28.0,45.0
1732397,279,1,Caucasian,Male,over_65,Unknown,Unknown,Midwest,2.0,137.0,179.0,4.0,88.0,95.0,20.0,97.0
1733359,280,0,Caucasian,Male,45_65,Unknown,Unknown,Midwest,0.95,128.5,166.0,4.25,86.0,95.0,19.0,40.0
1733365,283,0,Caucasian,Male,over_65,Unknown,Unknown,Midwest,1.21,137.0,159.0,3.65,86.0,95.0,20.0,
1733366,283,0,Caucasian,Male,over_65,Unknown,Unknown,Midwest,1.48,135.0,110.0,4.3,84.0,95.0,,
1733584,283,0,Caucasian,Male,45_65,Unknown,Unknown,Midwest,0.855,142.0,103.0,4.0,74.0,98.0,20.0,82.0
1734992,283,0,African American,Male,45_65,Unknown,Unknown,Midwest,0.7,139.0,88.0,4.2,83.0,97.0,17.0,46.0
1735220,271,0,Caucasian,Female,over_65,Unknown,Unknown,Midwest,1.18,139.0,185.0,3.7,99.0,97.0,26.0,75.0
1735497,273,0,Other/Unknown,Male,over_65,Unknown,Unknown,Midwest,3.19,137.0,117.0,4.0,82.0,100.0,23.0,129.0
1736752,281,0,Caucasian,Male,over_65,Unknown,Unknown,Midwest,1.1,136.0,144.0,4.1,91.0,91.0,,
1736753,281,0,Caucasian,Male,over_65,Unknown,Unknown,Midwest,1.1,135.0,127.0,4.1,81.0,97.0,16.0,51.0
1737144,269,0,Caucasian,Male,over_65,Unknown,Unknown,Unknown,1.375,133.5,95.0,4.55,82.0,95.0,13.5,54.0
1739131,272,0,Caucasian,Male,under_45,Unknown,Unknown,Midwest,0.91,135.0,149.0,3.8,94.0,94.0,21.0,14.0
1740411,283,0,Caucasian,Male,45_65,Unknown,Unknown,Midwest,0.685,138.0,98.0,4.550000000000001,78.0,97.0,24.0,76.0
1741470,268,0,Other/Unknown,Male,over_65,Unknown,Unknown,Unknown,0.81,136.0,159.0,4.0,107.0,100.0,27.0,
1743307,281,1,Caucasian,Male,over_65,Unknown,Unknown,Midwest,1.0,142.0,106.0,3.7,74.0,98.0,27.0,77.0
1744369,279,0,Caucasian,Male,45_65,Unknown,Unknown,Midwest,3.9,136.0,113.0,4.35,69.0,99.0,16.0,77.0
1744853,282,0,Caucasian,Male,over_65,Unknown,Unknown,Midwest,0.9,141.0,91.0,3.5,71.0,98.0,27.0,
1744887,280,0,Caucasian,Male,over_65,Unknown,Unknown,Midwest,1.365,139.0,103.5,4.5,82.0,99.0,22.0,
1746313,273,1,Caucasian,Female,over_65,Unknown,Unknown,Midwest,1.435,144.5,164.5,4.1,84.0,94.0,27.0,90.0
1746977,271,0,Caucasian,Male,45_65,Unknown,Unknown,Midwest,,,,,70.0,95.0,19.0,36.0
1748443,273,0,Caucasian,Male,45_65,Unknown,Unknown,Midwest,0.37,140.0,113.0,3.7,83.0,99.0,24.0,47.0
1749391,279,0,Caucasian,Male,over_65,Unknown,Unknown,Midwest,2.05,137.5,127.0,3.85,106.0,95.0,21.0,47.0
1750680,283,0,Caucasian,Female,over_65,Unknown,Unknown,Midwest,1.91,137.5,142.0,4.0,77.0,96.0,17.0,99.0
1750681,283,0,Caucasian,Female,over_65,Unknown,Unknown,Midwest,1.3,139.0,116.0,4.8,74.0,96.0,21.0,46.0
1751224,271,1,Caucasian,Male,over_65,Unknown,Unknown,Midwest,1.16,144.5,117.5,3.55,93.0,95.0,24.0,51.0
1754323,277,0,Caucasian,Male,over_65,Unknown,Unknown,Midwest,0.87,137.0,116.0,4.2,70.0,98.0,19.5,46.0
1756030,279,0,Caucasian,Male,45_65,Unknown,Unknown,Midwest,0.9,129.0,85.0,3.7,74.0,97.0,18.0,30.0
1756529,272,0,Caucasian,Male,45_65,Unknown,Unknown,Midwest,,,,,84.0,96.0,21.0,
1757145,281,0,Caucasian,Male,under_45,Unknown,Unknown,Midwest,0.9,140.0,107.0,3.9,86.0,99.0,22.0,53.0
1758977,272,0,Caucasian,Female,over_65,Unknown,Unknown,Midwest,0.8,139.0,83.0,3.7,70.0,96.0,21.0,60.0
1765641,271,1,Caucasian,Male,over_65,Unknown,Unknown,Midwest,3.3,136.5,392.0,5.15,78.0,99.0,20.0,81.0
1767810,281,0,Caucasian,Male,over_65,Unknown,Unknown,Midwest,1.0,140.5,109.5,3.0,73.0,97.0,19.0,43.0
1767854,279,0,Caucasian,Male,over_65,Unknown,Unknown,Midwest,1.0,140.0,95.0,3.7,49.0,100.0,17.0,
1768103,275,0,Caucasian,Male,over_65,Unknown,Unknown,Midwest,1.63,140.0,168.0,3.65,61.0,95.0,26.0,42.0
1768638,269,0,African American,Female,over_65,Unknown,Unknown,Unknown,1.28,137.0,99.0,4.0,106.0,95.0,25.0,65.0
1769880,283,0,Caucasian,Female,over_65,Unknown,Unknown,Midwest,1.23,140.0,162.0,4.6,69.0,100.0,23.0,119.0
1770612,279,0,African American,Male,over_65,Unknown,Unknown,Midwest,4.8,135.0,119.0,3.4,73.0,100.0,15.0,89.0
1771521,283,0,Caucasian,Female,over_65,Unknown,Unknown,Midwest,0.99,137.0,141.0,4.2,79.0,98.0,18.0,47.0
1772266,282,0,Caucasian,Male,over_65,Unknown,Unknown,Midwest,1.3,135.0,119.5,4.699999999999999,101.0,97.0,27.0,49.0
1772777,273,0,Caucasian,Male,over_65,Unknown,Unknown,Midwest,1.035,137.0,123.5,4.15,109.0,100.0,16.0,55.0
1772933,275,0,Caucasian,Male,over_65,Unknown,Unknown,Midwest,1.02,135.5,133.0,3.4,97.0,96.0,22.0,88.0
1773222,281,0,Caucasian,Female,45_65,Unknown,Unknown,Midwest,0.6,136.0,119.0,3.4,66.0,96.0,17.0,38.0
1774133,275,0,Caucasian,Male,over_65,Unknown,Unknown,Midwest,1.27,136.0,160.0,4.1,102.0,98.0,22.0,59.0
1775226,271,0,Other/Unknown,Male,45_65,Unknown,Unknown,Midwest,0.88,136.5,212.5,3.85,70.0,100.0,18.0,31.0
1775944,282,0,Caucasian,Female,45_65,Unknown,Unknown,Midwest,2.2,135.0,173.0,3.6,73.0,96.0,18.0,33.0
1781359,283,0,Caucasian,Male,45_65,Unknown,Unknown,Midwest,0.76,140.5,104.5,3.9,81.0,100.0,23.0,84.0
1783561,282,0,Caucasian,Male,45_65,Unknown,Unknown,Midwest,0.6,135.0,132.0,3.6,66.0,96.0,13.0,29.0
1785012,277,0,African American,Male,45_65,Unknown,Unknown,Midwest,0.91,132.0,198.0,5.5,100.0,100.0,27.0,78.0
1785133,271,0,Caucasian,Male,over_65,Unknown,Unknown,Midwest,0.98,136.0,133.0,4.1,63.0,99.0,20.0,40.0
1785418,271,0,African American,Male,45_65,Unknown,Unknown,Midwest,0.94,136.0,98.0,3.8,64.0,99.0,14.0,31.0
1785501,272,0,Caucasian,Male,under_45,Unknown,Unknown,Midwest,0.845,133.5,328.0,3.8,86.0,94.0,21.0,31.0
1786286,280,0,African American,Male,over_65,Unknown,Unknown,Midwest,0.805,147.5,189.5,3.6,62.0,100.0,16.0,62.0
1788165,273,0,Caucasian,Male,over_65,Unknown,Unknown,Midwest,0.31,143.0,122.0,4.1,83.0,99.0,22.0,73.0
1788166,273,0,Caucasian,Male,over_65,Unknown,Unknown,Midwest,0.26,142.0,145.0,3.7,84.0,100.0,22.0,37.0
1788623,268,0,Other/Unknown,Male,45_65,Unknown,Unknown,Unknown,2.7,141.0,99.0,3.9,65.0,95.0,21.0,
1790300,282,0,Caucasian,Male,under_45,Unknown,Unknown,Midwest,,,,,68.0,94.0,22.0,21.0
1790816,277,0,Caucasian,Male,over_65,Unknown,Unknown,Midwest,0.56,137.0,126.0,3.5,70.0,96.0,25.0,36.0
1791479,283,0,Caucasian,Female,over_65,Unknown,Unknown,Midwest,1.25,136.5,120.5,4.199999999999999,92.0,96.0,31.0,73.0
1794248,273,0,Other/Unknown,Female,under_45,Unknown,Unknown,Midwest,0.495,142.5,96.0,3.5,89.0,100.0,23.0,94.0
1794908,280,0,Other/Unknown,Male,over_65,Unknown,Unknown,Midwest,1.255,142.0,79.0,4.699999999999999,68.0,96.0,15.0,31.0
1795109,271,0,Caucasian,Male,45_65,Unknown,Unknown,Midwest,0.615,135.5,137.5,3.85,71.0,94.0,20.0,29.0
1795131,272,0,Caucasian,Male,over_65,Unknown,Unknown,Midwest,0.95,133.0,98.0,3.95,58.0,98.0,12.5,29.0
1795300,269,1,Other/Unknown,Male,over_65,Unknown,Unknown,Unknown,2.29,144.0,145.0,5.0,94.0,96.0,22.0,91.0
1798420,272,0,Caucasian,Male,45_65,Unknown,Unknown,Midwest,0.98,135.0,122.0,4.2,56.0,95.0,19.0,31.0
1798839,269,0,Caucasian,Male,45_65,Unknown,Unknown,Unknown,1.51,135.0,106.0,3.6,72.0,96.0,12.0,59.0
1799186,281,0,Caucasian,Female,45_65,Unknown,Unknown,Midwest,0.7,141.0,121.0,4.2,80.0,97.0,,34.0
1802488,268,0,Caucasian,Female,45_65,Unknown,Unknown,Unknown,0.63,135.0,158.5,4.3,100.0,96.0,29.0,
1803053,271,0,African American,Male,45_65,Unknown,Unknown,Midwest,0.8400000000000001,136.0,95.5,3.9,68.0,98.0,14.0,26.0
1805312,268,1,Caucasian,Male,over_65,Unknown,Unknown,Unknown,1.45,147.0,167.5,3.65,89.0,96.0,23.0,
1806949,277,0,African American,Male,45_65,Unknown,Unknown,Midwest,1.2999999999999998,148.0,319.0,3.9,100.0,100.0,26.0,92.0
1807156,272,1,Caucasian,Male,over_65,Unknown,Unknown,Midwest,,,,,43.0,96.0,15.0,77.0
1807157,272,1,Caucasian,Male,over_65,Unknown,Unknown,Midwest,0.955,131.5,110.0,4.25,50.0,96.0,21.0,61.0
1809093,275,0,African American,Male,over_65,Unknown,Unknown,Midwest,6.77,137.5,84.5,3.4,80.0,98.0,22.0,151.0
1810059,272,0,Caucasian,Female,45_65,Unknown,Unknown,Midwest,0.9,135.0,446.0,4.2,110.0,96.0,30.0,35.0
1810300,277,0,Caucasian,Male,over_65,Unknown,Unknown,Midwest,2.43,144.0,108.0,3.7,66.0,100.0,14.0,75.0
1811623,271,0,African American,Male,45_65,Unknown,Unknown,Midwest,1.02,141.0,65.0,3.8,66.0,99.0,14.0,20.0
1811733,275,0,Caucasian,Male,over_65,Unknown,Unknown,Midwest,1.62,133.0,112.0,4.2,110.0,100.0,19.0,66.0
1812280,279,0,Caucasian,Male,over_65,Unknown,Unknown,Midwest,1.1,134.0,156.0,4.3,57.0,95.0,13.0,72.0
1813166,283,0,Caucasian,Male,over_65,Unknown,Unknown,Midwest,1.04,141.0,143.0,3.7,100.0,96.0,23.0,52.0
1813246,273,0,Caucasian,Male,over_65,Unknown,Unknown,Midwest,3.41,141.0,97.0,4.5,107.0,100.0,36.0,
1813792,271,0,Caucasian,Male,45_65,Unknown,Unknown,Midwest,0.5700000000000001,137.0,133.0,4.15,74.0,97.0,18.0,15.0
1814180,273,0,Other/Unknown,Female,over_65,Unknown,Unknown,Midwest,4.395,139.0,102.0,4.0,82.0,99.0,28.0,88.0
1816075,277,0,African American,Male,45_65,Unknown,Unknown,Midwest,1.34,139.0,220.0,3.7,82.0,98.0,17.0,52.0
1817131,268,0,Caucasian,Female,45_65,Unknown,Unknown,Unknown,0.21,136.0,117.5,3.4,68.0,94.0,21.0,
1817190,269,0,Caucasian,Male,over_65,Unknown,Unknown,Unknown,6.795,137.0,81.5,3.85,66.0,97.0,28.0,40.0
1817625,283,0,Caucasian,Male,over_65,Unknown,Unknown,Midwest,0.845,137.5,101.0,4.0,51.0,96.0,21.0,36.0
1817626,283,0,Caucasian,Male,over_65,Unknown,Unknown,Midwest,0.83,139.0,92.0,4.2,60.0,96.0,17.0,29.0
1817627,283,0,Caucasian,Male,over_65,Unknown,Unknown,Midwest,0.81,139.0,90.0,4.1,54.0,96.0,17.0,34.0
1818922,268,0,Caucasian,Male,over_65,Unknown,Unknown,Unknown,3.5,138.0,98.0,4.1,67.0,96.0,15.0,
1819746,279,0,Caucasian,Male,45_65,Unknown,Unknown,Midwest,1.2,139.5,148.5,4.1,51.0,99.0,10.0,42.0
1820234,272,0,Caucasian,Female,45_65,Unknown,Unknown,Midwest,0.87,133.0,107.0,3.9,65.0,98.0,26.0,39.0
1820689,283,0,Caucasian,Female,over_65,Unknown,Unknown,Midwest,0.66,137.0,151.0,3.8,64.0,98.0,20.0,95.0
1820865,282,1,Caucasian,Male,45_65,Unknown,Unknown,Midwest,6.9,126.0,100.0,3.7,90.0,96.0,24.0,
1821487,277,0,African American,Male,45_65,Unknown,Unknown,Midwest,0.51,139.0,167.0,3.7,92.0,100.0,25.0,98.0
1821939,269,0,Caucasian,Female,over_65,Unknown,Unknown,Unknown,1.36,136.5,98.0,4.05,76.0,97.0,18.0,62.0
1823356,283,0,Caucasian,Male,under_45,Unknown,Unknown,Midwest,0.995,143.0,152.0,4.25,91.0,99.0,12.0,43.0
1823442,269,0,Caucasian,Male,over_65,Unknown,Unknown,Unknown,1.83,140.0,177.0,4.2,88.0,100.0,21.0,68.0
1823727,271,0,African American,Male,45_65,Unknown,Unknown,Midwest,8.68,134.0,118.0,5.4,96.0,98.0,19.0,41.0
1823939,271,0,Caucasian,Male,45_65,Unknown,Unknown,Midwest,0.58,137.0,105.0,3.6,77.0,94.0,23.0,43.0
1824650,282,0,Caucasian,Male,45_65,Unknown,Unknown,Midwest,1.1,141.0,86.0,3.85,80.0,97.0,19.0,39.0
1825654,281,0,Caucasian,Male,45_65,Unknown,Unknown,Midwest,1.0,135.0,198.0,3.9,86.0,94.0,22.5,45.0
1827129,281,0,Caucasian,Male,45_65,Unknown,Unknown,Midwest,0.8,127.5,94.0,4.15,83.0,96.0,20.0,24.0
1827722,277,0,Other/Unknown,Male,under_45,Unknown,Unknown,Midwest,0.67,138.0,106.0,3.9,100.0,97.0,17.0,97.0
1829278,277,0,African American,Male,45_65,Unknown,Unknown,Midwest,1.18,137.0,193.0,3.9,105.0,99.0,18.0,61.0
1830188,271,0,Caucasian,Female,over_65,Unknown,Unknown,Midwest,0.75,139.0,104.0,4.1,69.0,96.0,18.0,52.0
1831111,277,0,Caucasian,Male,45_65,Unknown,Unknown,Midwest,0.675,140.0,105.5,3.8,90.0,98.0,16.0,37.0
1831437,280,0,African American,Male,over_65,Unknown,Unknown,Midwest,1.15,138.0,222.0,3.8,88.0,96.0,19.0,46.0
1832677,271,0,Caucasian,Male,45_65,Unknown,Unknown,Midwest,0.66,136.5,107.0,4.05,78.0,94.0,19.0,30.0
1833568,283,0,Caucasian,Male,45_65,Unknown,Unknown,Midwest,0.68,138.0,101.0,4.0,67.0,99.0,29.0,76.0
1835048,280,0,Caucasian,Male,over_65,Unknown,Unknown,Midwest,1.76,136.0,135.0,4.1,82.0,97.0,24.0,78.0
1835141,268,0,Other/Unknown,Male,45_65,Unknown,Unknown,Unknown,0.55,126.0,465.0,4.5,60.0,99.0,20.0,
1835858,282,0,Caucasian,Male,over_65,Unknown,Unknown,Midwest,0.9,139.0,89.0,3.7,90.0,95.0,15.0,41.0
1836673,277,0,Caucasian,Male,over_65,Unknown,Unknown,Midwest,2.04,137.5,137.0,4.25,70.0,96.0,17.0,50.0
1837638,275,0,Caucasian,Male,over_65,Unknown,Unknown,Midwest,0.85,144.0,122.0,3.0,94.0,98.0,23.0,130.0
1837963,275,0,Caucasian,Male,over_65,Unknown,Unknown,Midwest,1.32,142.0,90.0,3.55,58.0,98.0,23.0,64.0
1837964,275,0,Caucasian,Male,over_65,Unknown,Unknown,Midwest,1.31,141.0,151.0,3.8,62.0,97.0,26.0,46.0
1839583,283,0,Other/Unknown,Male,45_65,Unknown,Unknown,Midwest,0.75,132.5,164.0,3.3,96.0,100.0,23.0,62.0
1839696,282,0,Caucasian,Male,over_65,Unknown,Unknown,Midwest,1.05,135.5,112.0,3.95,70.0,95.0,17.0,36.0
1841590,280,0,African American,Male,45_65,Unknown,Unknown,Midwest,0.85,141.0,105.0,3.6,84.0,100.0,15.0,35.0
1842417,275,0,Caucasian,Male,45_65,Unknown,Unknown,Midwest,2.365,134.0,96.5,4.199999999999999,85.0,95.0,,-1.0
1843889,268,0,African American,Female,45_65,Unknown,Unknown,Unknown,1.75,138.0,107.0,4.1,97.0,98.0,19.0,
1845109,277,0,Caucasian,Female,over_65,Unknown,Unknown,Midwest,0.355,137.0,127.0,3.9,82.0,100.0,13.0,62.0
1845580,275,0,Caucasian,Male,45_65,Unknown,Unknown,Midwest,0.73,140.0,127.5,3.5,86.0,97.0,18.0,56.0
1846269,277,0,Caucasian,Male,over_65,Unknown,Unknown,Midwest,0.92,136.0,107.0,3.9,60.0,98.0,15.0,58.0
1849124,280,0,African American,Male,over_65,Unknown,Unknown,Midwest,1.26,142.0,149.0,3.9,98.0,97.0,25.0,49.0
1851120,272,0,Caucasian,Female,over_65,Unknown,Unknown,Midwest,1.16,137.0,200.0,4.4,86.0,96.0,20.0,47.0
1851750,268,0,Other/Unknown,Male,45_65,Unknown,Unknown,Unknown,1.87,140.0,167.0,3.4,94.0,99.0,20.0,
1852395,281,0,Caucasian,Male,over_65,Unknown,Unknown,Midwest,1.5,136.0,159.0,4.8,82.0,97.0,12.0,34.0
1852625,273,0,Caucasian,Male,over_65,Unknown,Unknown,Midwest,3.81,135.0,102.0,4.7,109.0,98.0,18.0,105.0
1853162,280,0,African American,Male,over_65,Unknown,Unknown,Midwest,3.135,133.0,124.5,3.7,68.0,98.0,22.0,75.0
1854640,271,0,African American,Male,45_65,Unknown,Unknown,Midwest,0.9,134.5,95.5,4.15,82.0,98.0,14.0,20.0
1855917,269,0,Caucasian,Male,over_65,Unknown,Unknown,Unknown,0.945,137.0,117.5,3.9,64.0,95.0,20.0,29.0
1855918,269,0,Caucasian,Male,over_65,Unknown,Unknown,Unknown,1.56,134.5,131.0,3.95,84.0,96.0,17.0,51.0
1856167,281,0,African American,Male,45_65,Unknown,Unknown,Midwest,0.9,126.5,94.0,4.6,69.0,97.0,13.0,
1856168,281,0,African American,Male,45_65,Unknown,Unknown,Midwest,0.7,134.0,114.0,3.8,78.0,97.0,15.0,
1856821,273,1,Other/Unknown,Female,over_65,Unknown,Unknown,Midwest,2.56,136.0,208.0,3.9,93.0,99.0,26.0,76.0
1858620,273,0,Caucasian,Male,45_65,Unknown,Unknown,Midwest,2.69,139.0,125.0,4.2,76.0,99.0,15.0,42.0
1968908,312,0,Caucasian,Male,45_65,Unknown,Unknown,South,1.1349999999999998,130.5,128.0,4.35,60.0,100.0,16.0,42.0
1976430,301,0,Unknown,Male,over_65,Unknown,Unknown,South,0.95,141.0,195.0,4.5,76.0,94.0,14.0,29.0
1979528,300,0,Caucasian,Male,45_65,Unknown,Unknown,Midwest,1.44,136.0,155.0,3.1,72.0,93.5,17.5,58.0
1981330,312,0,Caucasian,Male,under_45,Unknown,Unknown,South,1.1,137.0,115.0,3.6,112.0,97.0,15.0,89.0
1982458,312,0,Caucasian,Male,45_65,Unknown,Unknown,South,7.49,139.5,176.0,6.6,62.0,98.0,15.0,49.0
1985151,318,0,Caucasian,Male,under_45,Unknown,Unknown,South,0.8,137.0,162.0,3.6,112.0,95.0,13.0,
1985995,312,0,African American,Female,under_45,Unknown,Unknown,South,0.7,142.0,119.0,3.9,90.0,100.0,19.0,48.0
1998890,300,0,African American,Male,over_65,Unknown,Unknown,Midwest,1.79,138.0,177.0,3.6,84.0,94.0,16.0,113.0
2010574,310,0,Caucasian,Male,45_65,Unknown,Unknown,Midwest,0.445,134.5,216.0,3.45,73.0,96.0,21.0,
2011360,310,0,Caucasian,Male,45_65,Unknown,Unknown,Midwest,0.67,118.5,94.5,4.0,57.0,99.0,14.0,38.0
2011495,307,0,Caucasian,Male,45_65,Unknown,Unknown,South,0.99,140.0,116.0,4.0,69.0,97.0,18.0,36.0
2015123,307,0,Caucasian,Male,under_45,Unknown,Unknown,South,0.82,135.0,113.0,4.0,116.0,99.0,14.0,25.0
2015339,300,0,Caucasian,Male,45_65,Unknown,Unknown,Midwest,0.84,132.0,120.0,4.2,99.0,97.0,23.0,
2016011,312,1,Caucasian,Male,under_45,Unknown,Unknown,South,1.31,142.0,226.0,3.7,118.0,96.0,23.0,69.0
2016313,300,0,Caucasian,Male,over_65,Unknown,Unknown,Midwest,2.055,139.0,123.5,5.300000000000001,63.0,96.0,16.0,65.0
2032114,303,0,Caucasian,Female,over_65,Unknown,Unknown,Unknown,1.365,134.0,111.5,3.45,98.0,99.0,22.0,74.0
2032312,303,0,Caucasian,Female,45_65,Unknown,Unknown,Unknown,0.625,141.0,109.0,3.5,77.0,96.0,18.0,50.0
2038433,312,1,Caucasian,Female,over_65,Unknown,Unknown,South,3.42,144.0,127.0,4.65,94.0,96.0,22.0,53.0
2038434,312,1,Caucasian,Female,over_65,Unknown,Unknown,South,3.35,142.0,125.0,4.7,74.0,97.0,18.0,126.0
2056364,300,0,African American,Male,over_65,Unknown,Unknown,Midwest,2.53,138.0,115.0,4.4,79.0,99.0,21.0,63.0
2056365,300,0,African American,Male,over_65,Unknown,Unknown,Midwest,2.33,139.0,115.0,4.1,74.0,,22.0,60.0
2065738,301,0,Unknown,Male,over_65,Unknown,Unknown,South,0.58,139.0,194.0,4.5,96.0,95.0,14.0,75.0
2069695,307,0,Caucasian,Male,over_65,Unknown,Unknown,South,0.8,141.0,125.0,3.8,74.0,93.0,22.0,41.0
2069920,312,0,Caucasian,Male,under_45,Unknown,Unknown,South,0.7649999999999999,140.5,101.0,3.5,103.0,93.0,15.0,51.0
2075278,318,0,Caucasian,Male,45_65,Unknown,Unknown,South,1.27,139.5,110.5,3.85,85.0,97.0,16.0,
2075529,303,0,Caucasian,Female,over_65,Unknown,Unknown,Unknown,0.54,141.0,155.5,4.35,81.0,100.0,31.0,61.0
2078216,301,0,Unknown,Male,45_65,Unknown,Unknown,South,1.07,138.5,136.5,4.5,103.0,92.0,19.0,42.0
2078217,301,0,Unknown,Male,45_65,Unknown,Unknown,South,,,,,110.0,90.0,21.0,
2081387,318,0,Caucasian,Male,45_65,Unknown,Unknown,South,0.6799999999999999,138.0,107.5,3.65,71.0,97.0,12.0,97.0
2081807,300,0,Caucasian,Male,45_65,Unknown,Unknown,Midwest,1.0699999999999998,135.5,156.0,4.15,115.0,94.0,16.0,42.0
2085133,310,0,Caucasian,Male,45_65,Unknown,Unknown,Midwest,0.47,140.5,123.0,4.15,97.0,95.0,24.0,66.0
2085134,310,0,Caucasian,Male,45_65,Unknown,Unknown,Midwest,1.59,140.0,100.0,4.2,95.0,98.0,19.0,
2085136,310,0,Caucasian,Male,45_65,Unknown,Unknown,Midwest,0.5,145.0,176.0,3.8,101.0,95.0,14.0,69.0
2091116,310,0,Caucasian,Male,over_65,Unknown,Unknown,Midwest,1.31,129.0,203.5,3.8,75.0,96.0,23.0,
2091118,310,0,Caucasian,Male,over_65,Unknown,Unknown,Midwest,1.97,125.0,247.0,4.3,68.5,96.0,20.0,68.0
2093411,303,0,Caucasian,Female,under_45,Unknown,Unknown,Unknown,0.63,139.0,144.0,4.3,101.0,95.0,16.0,89.0
2093906,307,1,Caucasian,Male,over_65,Unknown,Unknown,South,1.07,134.0,130.0,4.5,91.0,100.0,24.0,106.0
2095881,307,0,African American,Male,under_45,Unknown,Unknown,South,6.98,131.0,411.0,4.05,81.0,95.0,14.0,33.0
2095984,300,0,African American,Male,over_65,Unknown,Unknown,Midwest,1.15,142.5,151.5,4.15,95.0,97.0,22.0,116.0
2097882,312,0,Caucasian,Male,over_65,Unknown,Unknown,South,0.835,137.0,112.5,5.15,74.0,92.0,17.0,39.0
2103754,307,0,Caucasian,Male,under_45,Unknown,Unknown,South,10.12,134.0,104.5,4.05,102.0,97.0,18.0,47.0
2108150,312,0,Caucasian,Male,over_65,Unknown,Unknown,South,1.23,138.0,106.0,4.8,99.5,94.0,23.0,79.0
2114686,303,0,Caucasian,Female,over_65,Unknown,Unknown,Unknown,1.24,135.0,135.0,3.5,81.0,97.0,13.0,59.0
2119136,307,0,Caucasian,Male,45_65,Unknown,Unknown,South,1.0,140.0,94.0,3.8,68.0,97.0,17.0,40.0
2119141,312,0,Native American,Male,under_45,Unknown,Unknown,South,0.9,141.0,131.0,3.3,132.0,100.0,18.0,47.0
2124939,301,0,Unknown,Male,over_65,Unknown,Unknown,South,0.59,143.0,66.0,3.9,80.0,99.0,18.0,62.0
2125600,300,0,Caucasian,Male,over_65,Unknown,Unknown,Midwest,0.88,138.0,152.0,4.1,94.0,94.0,19.0,45.0
2128571,301,0,Unknown,Male,over_65,Unknown,Unknown,South,1.09,136.0,127.0,4.6,67.0,94.0,16.0,51.0
2133477,300,0,Caucasian,Male,over_65,Unknown,Unknown,Midwest,1.43,142.0,108.0,4.0,75.0,94.0,25.0,55.0
2133970,303,0,Caucasian,Male,over_65,Unknown,Unknown,Unknown,0.56,138.0,136.0,3.5,85.0,95.0,21.0,65.0
2134224,312,0,African American,Male,under_45,Unknown,Unknown,South,1.2,142.5,92.0,3.85,78.0,98.0,20.0,34.0
2141699,318,0,Caucasian,Male,over_65,Unknown,Unknown,South,1.25,138.0,266.0,4.4,69.0,94.0,18.0,53.0
2143474,300,0,African American,Male,over_65,Unknown,Unknown,Midwest,3.2,139.5,99.5,4.949999999999999,72.0,100.0,20.0,80.0
2145788,303,0,Caucasian,Male,45_65,Unknown,Unknown,Unknown,1.475,137.5,130.0,4.2,66.0,96.0,21.0,
2150580,310,0,Caucasian,Male,45_65,Unknown,Unknown,Midwest,0.6950000000000001,136.0,171.5,3.85,84.0,97.0,22.0,36.0
2154422,301,0,Unknown,Male,over_65,Unknown,Unknown,South,1.185,141.0,104.0,4.3,87.0,97.0,15.0,32.0
2161221,312,0,Caucasian,Male,45_65,Unknown,Unknown,South,0.8,140.0,221.0,3.6,88.0,95.0,19.0,28.0
2164616,300,0,African American,Male,over_65,Unknown,Unknown,Midwest,1.4249999999999998,134.0,222.5,4.65,67.0,95.0,20.0,
2167151,307,0,Caucasian,Male,over_65,Unknown,Unknown,South,0.7,139.0,253.0,4.7,85.0,97.0,13.0,30.0
2167152,307,0,Caucasian,Male,over_65,Unknown,Unknown,South,0.6,141.0,183.0,4.3,,,,
2167318,310,0,Caucasian,Male,over_65,Unknown,Unknown,Midwest,0.96,137.0,175.0,4.15,70.0,96.0,19.0,58.0
2167319,310,0,Caucasian,Male,over_65,Unknown,Unknown,Midwest,0.79,131.0,198.0,3.9,112.0,96.0,27.0,
2167320,310,0,Caucasian,Male,over_65,Unknown,Unknown,Midwest,0.67,142.0,268.0,3.7,103.0,97.0,21.0,45.0
2175636,301,0,Unknown,Male,over_65,Unknown,Unknown,South,1.895,137.5,135.5,4.699999999999999,90.0,93.0,20.0,51.0
2188696,303,0,Caucasian,Male,under_45,Unknown,Unknown,Unknown,0.79,142.0,93.0,4.1,74.5,98.0,20.0,25.0
2189631,300,0,Caucasian,Male,over_65,Unknown,Unknown,Midwest,1.82,139.0,147.0,4.1,78.0,96.0,19.0,69.0
2192084,318,0,African American,Male,over_65,Unknown,Unknown,South,1.0,139.0,123.0,4.2,92.0,98.0,16.0,31.0
2192095,300,0,Caucasian,Male,over_65,Unknown,Unknown,Midwest,0.54,138.0,211.0,4.0,71.0,97.0,16.0,91.0
2193648,310,0,Caucasian,Male,over_65,Unknown,Unknown,Midwest,2.82,135.0,69.0,5.4,86.0,89.0,24.0,
2193649,310,0,Caucasian,Male,over_65,Unknown,Unknown,Midwest,2.17,138.0,126.0,4.0,109.0,94.0,20.0,83.0
2193650,310,0,Caucasian,Male,over_65,Unknown,Unknown,Midwest,,,,,,,,
2199589,300,0,Caucasian,Male,over_65,Unknown,Unknown,Midwest,0.605,137.0,123.0,3.8,71.0,98.0,16.0,40.0
2202736,310,0,Caucasian,Male,over_65,Unknown,Unknown,Midwest,0.86,139.0,110.0,3.8,56.5,98.0,15.0,
2208455,303,0,Caucasian,Female,45_65,Unknown,Unknown,Unknown,0.92,134.5,120.0,3.75,99.0,97.0,17.0,95.0
2215634,300,0,African American,Male,over_65,Unknown,Unknown,Midwest,2.52,139.0,108.0,4.2,69.0,99.0,22.0,75.0
2215881,318,0,Caucasian,Male,over_65,Unknown,Unknown,South,1.19,136.0,108.0,4.0,53.0,95.0,12.0,45.0
2216546,318,0,Caucasian,Male,45_65,Unknown,Unknown,South,0.8300000000000001,140.0,99.0,3.8,58.0,97.0,14.0,22.0
2219934,301,0,Unknown,Male,over_65,Unknown,Unknown,South,0.71,139.0,127.0,3.7,74.0,96.0,17.0,43.0
2220761,310,0,Caucasian,Male,45_65,Unknown,Unknown,Midwest,,,,,,,,
2220763,310,0,Caucasian,Male,45_65,Unknown,Unknown,Midwest,,,,,71.0,97.0,21.0,
2220764,310,0,Caucasian,Male,45_65,Unknown,Unknown,Midwest,3.52,135.0,93.0,4.1,80.0,98.0,23.0,
2220765,310,0,Caucasian,Male,45_65,Unknown,Unknown,Midwest,2.3,141.5,129.5,3.7,85.0,96.0,27.0,97.0
2225781,301,0,Unknown,Male,over_65,Unknown,Unknown,South,1.06,145.0,110.5,3.7,60.0,94.0,14.0,45.0
2225847,301,1,Unknown,Male,over_65,Unknown,Unknown,South,1.835,139.5,175.0,5.65,84.0,95.0,15.0,48.0
2230341,318,0,Caucasian,Male,45_65,Unknown,Unknown,South,0.8,138.0,233.5,4.0,71.0,96.0,16.0,26.0
2233402,310,1,Caucasian,Male,over_65,Unknown,Unknown,Midwest,,,,,102.0,98.0,21.0,
2233403,310,1,Caucasian,Male,over_65,Unknown,Unknown,Midwest,,,,,98.0,93.0,24.0,86.0
2236841,318,1,African American,Male,45_65,Unknown,Unknown,South,1.7,143.0,194.0,5.3,128.5,84.0,21.0,
2240562,312,0,African American,Male,under_45,Unknown,Unknown,South,1.15,138.5,88.0,3.5,104.0,99.0,19.0,55.0
2245791,300,0,Caucasian,Male,45_65,Unknown,Unknown,Midwest,2.27,134.0,137.0,4.5,71.0,96.0,16.0,67.0
2248699,312,0,Caucasian,Male,under_45,Unknown,Unknown,South,1.1,139.0,134.0,3.3,127.5,96.5,18.0,
2249486,301,0,Unknown,Male,over_65,Unknown,Unknown,South,0.83,136.5,119.0,3.5,88.0,94.0,15.0,43.0
2249577,310,0,Caucasian,Male,over_65,Unknown,Unknown,Midwest,2.365,137.5,140.0,4.9,73.0,93.0,24.0,
2251446,318,0,Caucasian,Male,45_65,Unknown,Unknown,South,0.86,134.0,141.0,3.7,78.0,96.0,19.0,25.0
2251457,312,0,Native American,Male,under_45,Unknown,Unknown,South,1.0,143.5,98.0,2.9,121.0,98.0,14.0,37.0
2258562,307,1,Caucasian,Male,under_45,Unknown,Unknown,South,2.3200000000000003,137.0,104.0,3.9,81.0,95.0,29.0,82.0
2263091,312,0,Caucasian,Male,45_65,Unknown,Unknown,South,1.1,139.0,108.0,3.9,84.0,94.0,21.0,21.0
2264884,307,0,Caucasian,Male,over_65,Unknown,Unknown,South,1.05,139.0,112.0,4.4,68.0,97.0,14.0,40.0
2266898,303,0,Caucasian,Male,over_65,Unknown,Unknown,Unknown,5.515000000000001,139.0,100.5,4.65,48.0,97.0,16.0,56.0
2283009,303,0,Caucasian,Male,over_65,Unknown,Unknown,Unknown,1.47,138.0,182.5,4.45,91.0,98.0,23.0,55.0
2284508,301,0,Unknown,Male,over_65,Unknown,Unknown,South,1.56,145.0,106.5,4.1,76.0,96.0,13.0,36.0
2293457,338,0,Caucasian,Male,under_45,Unknown,Unknown,Midwest,0.96,137.0,96.0,4.0,74.0,96.0,20.0,35.0
2303499,328,0,Caucasian,Female,45_65,Unknown,Unknown,Midwest,0.575,143.0,132.0,4.2,102.0,94.0,19.0,
2303500,328,0,Caucasian,Female,45_65,Unknown,Unknown,Midwest,0.63,142.0,114.5,4.25,88.0,96.0,18.0,40.0
2305273,328,0,Caucasian,Female,over_65,Unknown,Unknown,Midwest,0.865,137.5,105.0,3.75,105.0,95.0,18.0,53.0
2308009,336,1,Caucasian,Female,over_65,Unknown,Unknown,Midwest,,,,,47.0,89.0,20.0,85.0
2308573,342,0,Caucasian,Female,45_65,Unknown,Unknown,Midwest,0.8,135.0,135.0,4.0,101.0,96.0,16.0,
2309912,328,0,Caucasian,Female,45_65,Unknown,Unknown,Midwest,0.53,135.0,103.0,3.4,87.0,94.0,30.0,48.0
2310584,337,0,Caucasian,Female,over_65,Unknown,Unknown,Unknown,0.9,142.0,137.0,3.3,84.0,95.0,19.0,
2315541,342,0,Caucasian,Female,45_65,Unknown,Unknown,Midwest,1.05,137.5,108.0,4.15,55.0,99.0,14.0,
2316703,337,0,Caucasian,Female,over_65,Unknown,Unknown,Unknown,1.8,142.0,96.0,3.8,67.0,97.0,20.0,
2323544,345,0,Caucasian,Female,over_65,Unknown,Unknown,South,0.9,137.0,124.0,4.3,93.0,98.0,17.0,58.0
2323567,337,0,Caucasian,Female,over_65,Unknown,Unknown,Unknown,0.7,140.0,109.0,3.7,88.0,99.0,23.0,
2325386,336,0,Caucasian,Female,45_65,Unknown,Unknown,Midwest,0.62,141.0,102.5,4.25,81.0,97.0,21.0,46.0
2330077,328,0,Caucasian,Female,45_65,Unknown,Unknown,Midwest,0.83,140.0,132.0,3.7,71.0,95.0,18.0,47.0
2332985,337,0,Caucasian,Female,over_65,Unknown,Unknown,Unknown,0.9,138.0,112.0,3.75,102.0,95.0,18.0,
2334053,328,0,Caucasian,Female,45_65,Unknown,Unknown,Midwest,0.78,140.0,119.5,4.25,83.0,95.0,16.0,
2334309,336,0,Caucasian,Female,over_65,Unknown,Unknown,Midwest,0.66,133.0,100.0,3.4,71.0,93.0,27.0,41.0
2335944,338,0,Caucasian,Female,45_65,Unknown,Unknown,Midwest,2.73,138.0,127.0,3.9,102.0,100.0,17.0,79.0
2340803,337,1,Caucasian,Female,over_65,Unknown,Unknown,Unknown,0.6,138.0,119.0,3.3,101.0,99.0,20.0,
2347487,331,0,Caucasian,Female,45_65,Unknown,Unknown,Unknown,3.9,135.5,152.5,4.9,97.0,93.0,21.0,85.0
2349210,345,0,Hispanic,Male,45_65,Unknown,Unknown,South,0.8,146.5,94.5,2.7,129.0,97.0,23.0,94.0
2358786,331,0,Caucasian,Female,over_65,Unknown,Unknown,Unknown,0.64,142.0,119.0,3.9,105.0,100.0,32.0,117.0
2360838,328,0,Caucasian,Female,under_45,Unknown,Unknown,Midwest,0.715,143.0,84.0,3.4000000000000004,60.0,99.0,17.0,42.0
2360939,338,0,Caucasian,Female,45_65,Unknown,Unknown,Midwest,3.09,134.0,100.0,3.5,119.0,96.0,21.0,74.0
2361839,337,0,Caucasian,Female,over_65,Unknown,Unknown,Unknown,1.5,135.0,129.0,4.0,63.0,93.0,16.0,
2363597,331,0,Caucasian,Female,45_65,Unknown,Unknown,Unknown,0.84,140.0,82.0,4.1,68.0,100.0,21.0,47.0
2367340,328,0,Caucasian,Female,45_65,Unknown,Unknown,Midwest,0.74,137.0,116.0,3.4,81.0,96.0,17.0,33.0
2371837,337,0,Caucasian,Female,over_65,Unknown,Unknown,Unknown,1.25,137.0,271.0,3.9,90.0,95.0,14.0,
2372698,336,0,Caucasian,Female,over_65,Unknown,Unknown,Midwest,1.35,137.0,202.0,3.4,78.0,98.0,23.0,73.0
2374553,331,0,Caucasian,Female,45_65,Unknown,Unknown,Unknown,0.89,132.5,169.5,4.1,78.0,97.0,17.0,
2386143,342,0,Caucasian,Female,over_65,Unknown,Unknown,Midwest,0.8,139.0,101.0,3.9,,,,
2390106,336,0,Caucasian,Female,over_65,Unknown,Unknown,Midwest,0.94,136.0,135.5,3.85,94.0,93.0,19.0,53.0
2392486,345,0,Caucasian,Female,over_65,Unknown,Unknown,South,0.9,135.0,160.0,3.9,61.0,98.0,18.0,86.0
2396285,338,0,Caucasian,Female,over_65,Unknown,Unknown,Midwest,,,,,65.0,93.0,12.0,
2396286,338,0,Caucasian,Female,over_65,Unknown,Unknown,Midwest,1.86,140.0,146.0,4.2,71.0,98.0,19.0,
2396287,338,0,Caucasian,Female,over_65,Unknown,Unknown,Midwest,1.99,145.0,154.0,3.9,91.0,97.0,16.0,73.0
2398822,345,0,Caucasian,Female,45_65,Unknown,Unknown,South,0.8500000000000001,140.5,142.0,3.65,90.0,95.0,21.0,32.0
2399157,331,0,Caucasian,Female,45_65,Unknown,Unknown,Unknown,1.01,137.0,259.0,4.2,102.0,95.0,24.0,
2399222,331,0,Caucasian,Female,over_65,Unknown,Unknown,Unknown,0.74,130.0,98.0,4.3,69.0,100.0,23.0,75.0
2401209,342,0,Caucasian,Female,45_65,Unknown,Unknown,Midwest,0.7,143.0,87.0,3.2,,,,
2403083,328,0,Caucasian,Female,45_65,Unknown,Unknown,Midwest,0.735,137.5,299.5,4.15,88.0,96.0,19.0,61.0
2406601,336,0,Caucasian,Female,45_65,Unknown,Unknown,Midwest,0.525,138.5,145.0,4.15,92.0,94.0,13.0,44.0
2407144,345,0,Caucasian,Female,over_65,Unknown,Unknown,South,1.3,151.0,200.5,3.3,99.0,96.0,23.0,71.0
2408961,328,0,Caucasian,Female,over_65,Unknown,Unknown,Midwest,0.6000000000000001,141.5,141.5,4.35,97.0,95.0,25.0,
2415731,342,0,Caucasian,Female,over_65,Unknown,Unknown,Midwest,0.6,141.0,103.0,4.0,52.0,96.5,16.0,
2416376,338,1,Caucasian,Male,over_65,Unknown,Unknown,Midwest,1.25,142.5,118.0,3.9,105.0,99.0,24.0,154.0
2418055,338,0,Caucasian,Female,over_65,Unknown,Unknown,Midwest,0.9,136.0,182.0,4.05,80.0,98.0,20.0,115.0
2419068,338,0,Hispanic,Male,under_45,Unknown,Unknown,Midwest,1.155,140.0,93.5,4.35,101.0,96.0,18.0,17.0
2419768,342,0,Caucasian,Female,over_65,Unknown,Unknown,Midwest,1.0,141.0,98.0,3.85,64.0,95.0,20.0,
2420527,337,0,Caucasian,Female,under_45,Unknown,Unknown,Unknown,0.6,136.0,87.5,3.85,74.0,98.0,18.0,
2426565,331,1,Caucasian,Female,45_65,Unknown,Unknown,Unknown,1.06,143.0,127.5,3.9,97.0,99.0,27.0,90.0
2428516,328,0,Caucasian,Female,45_65,Unknown,Unknown,Midwest,1.47,145.0,118.0,3.9,64.0,97.0,15.0,46.0
2428517,328,0,Caucasian,Female,45_65,Unknown,Unknown,Midwest,1.24,143.0,124.0,4.3,70.0,98.0,16.0,19.0
2432351,345,1,Caucasian,Female,over_65,Unknown,Unknown,South,1.2,142.5,120.0,3.8,83.5,95.0,28.0,85.0
2432352,345,1,Caucasian,Female,over_65,Unknown,Unknown,South,1.25,142.5,110.0,4.449999999999999,97.0,96.0,30.0,127.0
2436357,336,0,Caucasian,Female,45_65,Unknown,Unknown,Midwest,0.67,138.0,146.0,4.2,100.0,95.0,18.0,39.0
2436616,338,1,Caucasian,Female,45_65,Unknown,Unknown,Midwest,1.0,142.0,224.5,4.1,81.0,93.0,26.0,63.0
2440723,342,0,Caucasian,Female,over_65,Unknown,Unknown,Midwest,2.1,144.0,91.5,3.85,60.0,97.0,18.0,
2441710,336,0,Caucasian,Female,45_65,Unknown,Unknown,Midwest,0.75,136.0,98.0,4.15,67.0,100.0,18.0,36.0
2442461,338,0,Caucasian,Male,under_45,Unknown,Unknown,Midwest,1.0,144.5,84.0,3.6,62.0,99.0,14.0,84.0
2450383,331,0,Caucasian,Female,45_65,Unknown,Unknown,Unknown,0.61,142.0,128.0,3.7,83.0,96.0,28.0,56.0
2461255,331,0,Caucasian,Male,under_45,Unknown,Unknown,Unknown,1.05,141.0,78.0,4.0,54.5,99.0,15.0,13.0
2462225,331,0,Caucasian,Female,45_65,Unknown,Unknown,Unknown,0.685,139.0,115.5,3.9,96.0,95.0,27.0,
2466952,342,0,Caucasian,Female,under_45,Unknown,Unknown,Midwest,0.9,139.0,96.0,4.0,66.0,100.0,19.0,
2469796,328,0,Caucasian,Female,45_65,Unknown,Unknown,Midwest,0.625,140.5,115.0,4.5,100.0,93.5,19.0,
2470125,331,0,Caucasian,Male,over_65,Unknown,Unknown,Unknown,0.65,146.0,117.0,3.4,99.0,96.0,31.0,
2473922,345,0,Caucasian,Female,over_65,Unknown,Unknown,South,0.8,138.0,90.0,3.7,103.0,96.0,18.0,75.0
2475260,338,0,Caucasian,Male,under_45,Unknown,Unknown,Midwest,0.77,139.5,81.0,3.75,73.0,97.0,20.0,29.0
2476524,342,0,Caucasian,Female,over_65,Unknown,Unknown,Midwest,1.0,141.0,94.0,3.7,,,,
2480458,328,1,Caucasian,Female,45_65,Unknown,Unknown,Midwest,1.135,134.0,130.5,5.25,105.0,94.0,26.0,70.0
2482439,338,0,Caucasian,Female,over_65,Unknown,Unknown,Midwest,0.76,139.0,94.0,4.15,88.0,97.0,27.0,63.0
2486007,345,0,Caucasian,Female,over_65,Unknown,Unknown,South,0.8,141.0,124.0,3.7,70.0,95.0,23.0,56.0
2488182,336,0,Caucasian,Female,over_65,Unknown,Unknown,Midwest,1.265,137.5,206.5,4.0,82.0,100.0,38.0,58.0
2492729,331,0,Caucasian,Female,over_65,Unknown,Unknown,Unknown,0.64,136.0,208.0,3.2,104.0,96.0,23.0,54.0
2492731,331,0,Caucasian,Female,over_65,Unknown,Unknown,Unknown,0.675,142.5,137.0,4.0,109.0,95.0,21.0,
2492811,328,0,Caucasian,Female,45_65,Unknown,Unknown,Midwest,0.595,145.0,127.0,3.9,93.0,95.0,19.0,35.0
2492812,328,0,Caucasian,Female,45_65,Unknown,Unknown,Midwest,0.72,141.0,141.0,4.449999999999999,75.0,92.0,16.0,
2493040,338,0,Caucasian,Female,over_65,Unknown,Unknown,Midwest,1.08,140.0,121.0,3.95,79.0,94.0,20.0,32.0
2493041,338,0,Caucasian,Female,over_65,Unknown,Unknown,Midwest,1.03,135.0,115.0,4.6,98.0,97.0,19.0,44.0
2498010,342,0,Caucasian,Female,over_65,Unknown,Unknown,Midwest,1.25,135.5,132.0,3.45,,,,
2498011,342,0,Caucasian,Female,over_65,Unknown,Unknown,Midwest,1.1,135.0,153.0,3.1,,,,
2499670,328,0,Caucasian,Female,45_65,Unknown,Unknown,Midwest,0.73,133.0,461.0,4.0,94.0,94.0,18.0,44.0
2501548,345,0,Caucasian,Female,45_65,Unknown,Unknown,South,0.7,140.0,148.0,4.4,82.0,94.0,16.0,52.0
2505582,328,0,Caucasian,Female,45_65,Unknown,Unknown,Midwest,1.33,144.0,111.0,3.8,76.0,98.0,18.0,46.0
2511125,345,0,Caucasian,Female,over_65,Unknown,Unknown,South,1.2,140.0,119.0,3.8,90.0,92.0,23.0,46.0
2512314,331,0,Caucasian,Female,45_65,Unknown,Unknown,Unknown,0.65,139.0,137.0,4.2,93.0,100.0,32.0,49.0
2512481,342,0,Caucasian,Female,under_45,Unknown,Unknown,Midwest,0.9,142.0,100.0,3.5,70.0,98.0,20.0,
2518855,328,0,Caucasian,Female,over_65,Unknown,Unknown,Midwest,0.57,141.0,109.0,4.4,87.0,94.0,21.0,
2521021,328,0,Caucasian,Female,over_65,Unknown,Unknown,Midwest,0.63,140.0,177.0,4.5,101.0,94.0,19.0,
2523738,345,0,Caucasian,Female,over_65,Unknown,Unknown,South,0.75,145.0,103.5,4.0,71.0,96.0,21.0,55.0
2525696,336,0,Other/Unknown,Female,45_65,Unknown,Unknown,Midwest,0.635,140.5,129.5,3.9,80.0,99.0,19.0,115.0
2527253,337,0,Caucasian,Female,over_65,Unknown,Unknown,Unknown,1.25,131.0,107.0,4.05,57.0,99.0,14.0,
2528083,337,0,Caucasian,Female,under_45,Unknown,Unknown,Unknown,0.55,136.5,107.0,3.3,86.0,90.0,20.0,
2552038,350,1,Caucasian,Female,over_65,Unknown,Unknown,Unknown,0.925,140.0,180.5,4.1,114.0,95.0,24.0,88.0
2552806,350,0,Caucasian,Female,45_65,Unknown,Unknown,Unknown,0.54,136.5,89.0,3.55,89.0,97.0,21.0,
2553254,352,0,Caucasian,Male,under_45,Unknown,Unknown,Unknown,0.6,139.0,117.0,3.5,94.0,96.0,18.0,29.0
2555067,350,0,African American,Female,45_65,Unknown,Unknown,Unknown,5.91,136.0,164.0,4.5,70.0,96.0,20.0,55.0
2555162,352,0,Caucasian,Female,45_65,Unknown,Unknown,Unknown,0.8,137.0,143.0,3.7,83.0,98.0,16.0,40.0
2557586,352,0,Caucasian,Male,45_65,Unknown,Unknown,Unknown,1.25,134.0,168.5,3.7,79.0,99.0,18.0,110.0
2558003,352,0,Caucasian,Male,over_65,Unknown,Unknown,Unknown,0.5,133.0,125.5,3.3,88.0,99.0,22.0,78.0
2558121,352,1,Caucasian,Female,45_65,Unknown,Unknown,Unknown,1.5,137.0,224.0,3.9,151.0,93.0,28.0,170.0
2558122,352,0,Caucasian,Male,45_65,Unknown,Unknown,Unknown,0.95,144.0,122.0,4.1,91.0,95.0,20.0,55.0
2559053,352,1,Caucasian,Female,over_65,Unknown,Unknown,Unknown,1.1,137.0,173.0,3.8,107.0,99.0,15.0,92.0
2559678,350,0,Caucasian,Male,over_65,Unknown,Unknown,Unknown,0.97,141.0,124.0,3.9,79.0,99.0,17.0,
2560585,352,0,Caucasian,Female,over_65,Unknown,Unknown,Unknown,0.9,138.0,147.0,4.1,73.0,97.0,18.0,58.0
2560976,350,1,Caucasian,Male,45_65,Unknown,Unknown,Unknown,0.89,138.5,124.5,4.3,118.0,95.5,24.0,44.0
2565399,352,0,African American,Male,45_65,Unknown,Unknown,Unknown,1.1,140.0,144.0,3.4,59.0,99.0,15.0,44.0
2565400,352,0,African American,Male,45_65,Unknown,Unknown,Unknown,1.05,140.0,85.5,4.15,64.0,99.0,14.0,39.0
2566203,350,1,Caucasian,Female,over_65,Unknown,Unknown,Unknown,2.59,141.0,91.0,4.7,90.0,98.0,18.0,
2568975,350,0,Caucasian,Female,over_65,Unknown,Unknown,Unknown,0.55,137.0,106.0,3.8,72.0,97.0,12.0,33.0
2569838,352,0,Caucasian,Male,over_65,Unknown,Unknown,Unknown,1.2000000000000002,139.5,109.0,5.05,85.0,96.0,20.0,58.0
2570341,350,0,Caucasian,Female,over_65,Unknown,Unknown,Unknown,0.65,138.0,105.0,4.0,50.0,98.0,15.0,
2571427,350,0,Caucasian,Male,45_65,Unknown,Unknown,Unknown,0.545,138.0,111.5,3.8,68.0,96.0,13.0,47.0
2571798,350,0,Caucasian,Female,over_65,Unknown,Unknown,Unknown,3.9,135.0,116.0,4.3,85.0,97.0,19.0,
2573381,356,0,Caucasian,Female,over_65,Unknown,Unknown,Midwest,1.05,142.0,100.5,4.1,96.0,94.0,22.0,50.0
2573914,357,0,Caucasian,Female,over_65,Unknown,Unknown,Midwest,0.855,135.0,99.0,3.6,91.0,97.0,17.0,
2574532,365,0,Caucasian,Male,45_65,Unknown,Unknown,Midwest,0.7,141.5,184.5,4.15,90.0,93.0,22.0,42.0
2575089,358,0,Hispanic,Male,under_45,Unknown,Unknown,Midwest,3.3,138.0,85.0,3.5,87.0,99.0,19.0,30.0
2577120,363,0,Caucasian,Female,over_65,Unknown,Unknown,Midwest,0.8500000000000001,130.0,215.5,4.35,76.0,98.0,19.0,38.0
2579022,364,0,Hispanic,Male,45_65,Unknown,Unknown,Midwest,0.7,130.5,173.5,4.1,81.0,94.0,28.0,48.0
2580677,363,0,Caucasian,Female,over_65,Unknown,Unknown,Midwest,1.3,133.0,110.0,4.2,69.0,95.0,17.0,34.0
2580992,357,0,Caucasian,Male,under_45,Unknown,Unknown,Midwest,0.8,137.5,106.0,3.6,120.0,96.0,22.0,
2581351,364,0,Caucasian,Female,45_65,Unknown,Unknown,Midwest,0.6,127.0,118.0,4.8,80.0,96.0,16.0,22.0
2581366,357,1,Caucasian,Male,over_65,Unknown,Unknown,Midwest,1.13,137.0,121.0,4.3,37.5,75.5,19.0,
2583107,357,0,Caucasian,Female,over_65,Unknown,Unknown,Midwest,1.23,142.5,132.5,3.35,90.0,98.0,20.0,39.0
2584022,360,0,Caucasian,Female,under_45,Unknown,Unknown,Midwest,5.84,135.0,,4.2,92.0,98.0,15.0,37.0
2585711,365,0,Caucasian,Male,45_65,Unknown,Unknown,Midwest,0.6499999999999999,136.0,113.0,3.95,104.0,97.0,16.0,70.0
2586449,353,0,Caucasian,Female,over_65,Unknown,Unknown,Midwest,0.9,141.5,114.5,3.8,84.0,97.0,16.0,56.0
2586921,357,0,Caucasian,Female,over_65,Unknown,Unknown,Midwest,1.3,139.0,103.0,3.5,86.0,97.0,17.0,56.0
2587791,360,0,Hispanic,Male,45_65,Unknown,Unknown,Midwest,6.02,137.5,,4.6,52.0,97.0,14.0,
2588265,360,0,Caucasian,Male,over_65,Unknown,Unknown,Midwest,1.01,136.0,,4.5,72.0,96.0,22.0,58.0
2589190,363,0,Caucasian,Male,45_65,Unknown,Unknown,Midwest,1.0,146.0,106.0,4.2,69.0,97.0,17.0,21.0
2589516,355,0,Caucasian,Male,45_65,Unknown,Unknown,Midwest,0.8,137.0,141.0,3.3,99.0,97.0,33.0,
2589698,353,0,Caucasian,Female,over_65,Unknown,Unknown,Midwest,0.8,140.5,222.5,3.65,86.0,94.0,25.0,62.0
2592641,355,0,Caucasian,Male,45_65,Unknown,Unknown,Midwest,2.35,139.5,92.0,4.9,112.0,96.0,13.0,
2593036,364,0,Caucasian,Female,over_65,Unknown,Unknown,Midwest,0.6,127.5,119.0,4.65,143.0,97.0,17.5,56.0
2593741,358,0,Caucasian,Female,45_65,Unknown,Unknown,Midwest,0.85,143.0,116.0,4.2,90.0,96.0,14.0,44.0
2594234,355,0,Unknown,Female,45_65,Unknown,Unknown,Midwest,3.9,129.0,146.0,4.3,119.0,95.0,24.0,
2594608,356,0,Caucasian,Female,45_65,Unknown,Unknown,Midwest,1.5,132.0,273.0,4.9,103.0,97.0,15.0,
2595322,358,0,Other/Unknown,Female,under_45,Unknown,Unknown,Midwest,,,,4.2,82.0,99.0,18.0,37.0
2595334,365,0,African American,Male,over_65,Unknown,Unknown,Midwest,1.7,133.0,189.0,4.0,58.0,98.0,15.0,55.0
2595771,358,0,Caucasian,Female,45_65,Unknown,Unknown,Midwest,2.2,138.0,117.0,3.35,98.0,94.0,21.0,50.0
2595884,355,0,Caucasian,Male,over_65,Unknown,Unknown,Midwest,0.9,144.0,113.0,4.3,90.0,96.0,26.0,
2596753,358,0,Caucasian,Female,under_45,Unknown,Unknown,Midwest,0.6,137.0,124.0,3.8,106.0,99.0,19.0,36.0
2597116,365,0,Caucasian,Female,over_65,Unknown,Unknown,Midwest,0.6,141.0,91.5,4.199999999999999,96.0,95.0,17.0,42.0
2597268,353,0,Caucasian,Male,over_65,Unknown,Unknown,Midwest,0.5,125.0,96.0,3.9,102.0,98.0,24.0,32.0
2597776,353,0,Caucasian,Male,over_65,Unknown,Unknown,Midwest,1.1,137.0,92.0,3.9,90.0,95.0,27.0,
2597777,353,0,Caucasian,Male,over_65,Unknown,Unknown,Midwest,1.2,144.5,92.5,4.0,84.0,97.0,29.0,
2597803,355,0,Caucasian,Female,over_65,Unknown,Unknown,Midwest,1.0,126.0,149.0,4.4,90.0,96.0,28.0,
2598769,360,0,Other/Unknown,Male,45_65,Unknown,Unknown,Midwest,0.86,138.0,,4.199999999999999,88.0,100.0,16.0,46.0
2599455,353,0,Caucasian,Female,45_65,Unknown,Unknown,Midwest,0.6,139.0,146.0,3.85,77.0,95.0,23.0,59.0
2600767,356,0,Caucasian,Male,over_65,Unknown,Unknown,Midwest,2.8,135.0,213.0,5.0,74.0,96.0,14.0,82.0
2600791,357,0,Caucasian,Male,under_45,Unknown,Unknown,Midwest,0.95,144.0,146.0,3.8,83.0,99.0,19.0,63.0
2601053,355,0,Caucasian,Male,over_65,Unknown,Unknown,Midwest,2.8,136.0,148.0,3.55,64.0,95.0,15.0,
2601684,357,0,Caucasian,Male,over_65,Unknown,Unknown,Midwest,1.4,136.0,136.0,3.7,79.0,95.0,17.0,56.0
2602528,364,0,Caucasian,Male,over_65,Unknown,Unknown,Midwest,3.1,131.0,138.0,3.8,82.0,92.0,18.0,
2602775,355,0,Caucasian,Female,under_45,Unknown,Unknown,Midwest,0.6,140.0,180.0,3.5,97.0,99.0,15.0,
2603071,365,0,African American,Male,under_45,Unknown,Unknown,Midwest,1.1,137.0,104.0,4.4,94.0,96.0,18.0,12.0
2603273,364,0,Other/Unknown,Male,over_65,Unknown,Unknown,Midwest,1.05,142.0,167.5,3.45,74.0,97.0,16.0,31.0
2603291,360,0,Caucasian,Male,over_65,Unknown,Unknown,Midwest,0.96,133.0,,4.8,86.0,96.0,20.0,54.0
2604431,353,0,Caucasian,Female,over_65,Unknown,Unknown,Midwest,0.9,144.0,110.0,3.7,64.0,93.0,15.0,47.0
2606115,363,0,Caucasian,Male,45_65,Unknown,Unknown,Midwest,1.75,133.0,103.0,4.6,83.0,98.0,24.0,51.0
2606739,364,0,Caucasian,Female,over_65,Unknown,Unknown,Midwest,0.5,135.0,109.0,4.2,93.0,95.0,23.0,60.0
2607173,363,1,Caucasian,Male,45_65,Unknown,Unknown,Midwest,0.9,142.0,124.0,4.8,83.0,98.0,24.0,45.0
2607275,353,0,Caucasian,Female,over_65,Unknown,Unknown,Midwest,1.25,143.0,88.0,3.6,87.0,94.0,20.0,77.0
2607501,360,0,Caucasian,Male,under_45,Unknown,Unknown,Midwest,0.22,140.0,,4.1,88.0,100.0,16.0,47.0
2607903,360,0,Caucasian,Male,45_65,Unknown,Unknown,Midwest,,,,,52.0,99.0,14.0,31.0
2608568,365,0,Caucasian,Female,over_65,Unknown,Unknown,Midwest,0.7,134.0,103.0,3.9,66.0,100.0,18.0,53.0
2608936,353,0,Caucasian,Male,45_65,Unknown,Unknown,Midwest,2.5,146.0,98.0,3.4,100.0,98.0,23.0,56.0
2609132,358,0,Caucasian,Female,under_45,Unknown,Unknown,Midwest,0.5,146.0,97.0,3.7,92.0,100.0,13.0,
2609672,353,0,Caucasian,Female,over_65,Unknown,Unknown,Midwest,1.3,135.5,79.0,5.1,78.0,95.0,18.0,54.0
2609955,356,1,Caucasian,Male,over_65,Unknown,Unknown,Midwest,0.7,140.0,134.0,3.95,85.0,96.0,18.0,
2610399,353,0,Caucasian,Female,over_65,Unknown,Unknown,Midwest,1.2,129.5,93.0,4.7,76.0,96.0,19.0,63.0
2611237,356,0,Caucasian,Male,over_65,Unknown,Unknown,Midwest,,,,,82.0,95.0,15.0,63.0
2611440,364,0,Caucasian,Male,over_65,Unknown,Unknown,Midwest,1.05,130.0,109.0,4.0,72.0,95.0,22.0,49.0
2611778,365,0,Caucasian,Male,45_65,Unknown,Unknown,Midwest,0.8,137.5,122.5,3.9,82.0,97.0,16.0,
2614028,355,0,Caucasian,Female,45_65,Unknown,Unknown,Midwest,3.5,135.0,217.0,4.0,119.0,96.0,21.5,
2614646,355,0,Caucasian,Male,under_45,Unknown,Unknown,Midwest,0.9,143.5,92.5,3.45,80.0,98.0,13.0,
2614647,355,0,Caucasian,Male,under_45,Unknown,Unknown,Midwest,0.85,139.5,124.0,3.55,75.0,99.0,7.0,
2616371,360,0,Caucasian,Female,under_45,Unknown,Unknown,Midwest,0.65,143.5,,3.6,64.0,100.0,14.0,
2618178,365,0,Caucasian,Male,under_45,Unknown,Unknown,Midwest,8.4,137.0,105.0,5.8,97.0,98.0,15.0,51.0
2618534,357,0,Caucasian,Male,under_45,Unknown,Unknown,Midwest,0.8700000000000001,142.0,95.5,3.75,79.0,98.0,15.0,30.0
2619844,364,0,Caucasian,Male,over_65,Unknown,Unknown,Midwest,1.1,132.0,111.0,3.8,92.0,94.0,21.0,57.0
2621338,365,0,Caucasian,Female,45_65,Unknown,Unknown,Midwest,1.5,148.5,129.5,4.0,103.0,99.0,27.0,99.0
2621632,358,0,Caucasian,Female,45_65,Unknown,Unknown,Midwest,0.9,140.0,150.5,3.6,70.0,100.0,22.0,
2621948,364,1,Caucasian,Male,over_65,Unknown,Unknown,Midwest,1.2,136.0,152.0,3.7,70.0,97.0,20.0,58.0
2622133,360,0,Caucasian,Male,over_65,Unknown,Unknown,Midwest,,,,,80.0,95.0,18.0,33.0
2622491,357,0,Caucasian,Male,45_65,Unknown,Unknown,Midwest,1.1,139.5,188.5,4.0,72.0,93.0,14.0,34.0
2622629,364,0,Caucasian,Male,over_65,Unknown,Unknown,Midwest,1.5,138.0,99.0,4.0,75.0,94.0,19.0,78.0
2623519,363,0,Caucasian,Male,over_65,Unknown,Unknown,Midwest,1.0,136.0,272.0,4.6,59.0,97.0,18.0,38.0
2625804,363,0,Caucasian,Male,45_65,Unknown,Unknown,Midwest,1.05,136.5,108.5,3.85,68.0,95.0,18.0,41.0
2627050,356,1,Caucasian,Male,over_65,Unknown,Unknown,Midwest,0.8,138.0,182.0,4.6,99.0,96.0,19.0,68.0
2627270,364,0,Caucasian,Male,over_65,Unknown,Unknown,Midwest,1.3,136.0,110.0,4.4,62.0,96.0,18.0,47.0
2627574,353,0,Caucasian,Female,over_65,Unknown,Unknown,Midwest,1.3,135.0,94.0,4.4,73.0,96.0,18.0,55.0
2628192,363,0,Caucasian,Male,45_65,Unknown,Unknown,Midwest,0.8500000000000001,141.5,123.5,4.4,84.0,91.0,17.0,29.0
2628523,365,0,Caucasian,Male,under_45,Unknown,Unknown,Midwest,0.8,134.0,134.0,4.2,100.0,95.0,19.0,21.0
2628859,353,0,Caucasian,Male,over_65,Unknown,Unknown,Midwest,0.6,139.5,157.0,3.85,93.0,97.0,22.0,53.0
2629735,360,0,Caucasian,Male,45_65,Unknown,Unknown,Midwest,0.58,108.0,,4.1,80.0,100.0,17.0,45.0
2630349,356,0,Caucasian,Male,over_65,Unknown,Unknown,Midwest,1.4,136.0,186.0,4.300000000000001,87.0,97.5,29.0,78.0
2630865,357,1,Caucasian,Male,45_65,Unknown,Unknown,Midwest,0.75,139.0,119.0,3.5,81.0,97.0,21.0,77.0
2631050,356,0,Caucasian,Female,45_65,Unknown,Unknown,Midwest,0.4,137.0,153.0,3.4,102.0,95.0,23.0,49.0
2632476,355,0,Caucasian,Male,45_65,Unknown,Unknown,Midwest,0.8,140.0,264.0,4.0,,,,
2632637,365,0,Caucasian,Male,under_45,Unknown,Unknown,Midwest,1.35,141.0,102.0,4.45,85.0,95.0,18.0,33.0
2634628,363,0,Caucasian,Female,over_65,Unknown,Unknown,Midwest,0.7,140.0,113.0,4.0,70.0,96.0,17.0,60.0
2635167,353,0,African American,Male,over_65,Unknown,Unknown,Midwest,2.2,134.0,157.0,3.7,63.0,99.0,16.0,124.0
2635168,353,0,African American,Male,over_65,Unknown,Unknown,Midwest,1.9,139.0,179.5,4.0,71.0,98.0,20.0,55.0
2635556,356,0,Caucasian,Male,over_65,Unknown,Unknown,Midwest,2.0,147.0,151.0,4.1,95.0,99.0,19.0,
2635557,356,0,Caucasian,Male,over_65,Unknown,Unknown,Midwest,2.1500000000000004,138.5,129.0,4.1,80.0,99.0,19.0,35.0
2637542,356,0,Caucasian,Male,over_65,Unknown,Unknown,Midwest,,,,,78.0,96.0,25.0,
2637669,356,0,Other/Unknown,Female,45_65,Unknown,Unknown,Midwest,0.7,135.0,87.5,4.25,87.0,96.0,19.0,
2639649,364,0,Caucasian,Female,over_65,Unknown,Unknown,Midwest,2.0,139.0,107.0,4.5,69.0,96.0,16.0,
2642496,360,0,Caucasian,Male,over_65,Unknown,Unknown,Midwest,,,,,86.0,100.0,13.0,41.0
2643910,357,0,Caucasian,Male,over_65,Unknown,Unknown,Midwest,1.205,145.0,135.0,3.6,89.0,97.0,23.0,85.0
2644671,358,0,Caucasian,Male,over_65,Unknown,Unknown,Midwest,0.8,143.0,106.0,3.55,76.0,95.0,19.0,87.0
2644765,358,0,Caucasian,Female,45_65,Unknown,Unknown,Midwest,0.7,137.0,215.0,3.8,96.0,97.0,18.0,37.0
2645295,363,0,Caucasian,Male,45_65,Unknown,Unknown,Midwest,0.8,137.5,148.5,4.199999999999999,70.0,94.0,14.0,20.0
2645565,363,0,Caucasian,Male,over_65,Unknown,Unknown,Midwest,1.55,140.0,120.0,4.199999999999999,80.0,96.0,19.0,39.0
2646210,358,1,Caucasian,Male,45_65,Unknown,Unknown,Midwest,2.4,137.0,119.0,4.2,67.0,95.0,27.0,52.0
2669317,390,0,Caucasian,Male,over_65,Unknown,Unknown,Unknown,1.775,134.0,137.5,3.8,98.5,99.0,17.0,74.0
2670190,404,0,Caucasian,Female,over_65,Unknown,Unknown,West,1.35,142.0,91.0,4.1,75.0,96.0,19.0,44.0
2670191,404,0,Caucasian,Female,over_65,Unknown,Unknown,West,2.93,139.0,89.0,5.1,80.0,99.0,22.0,66.0
2672387,389,0,Caucasian,Female,under_45,Unknown,Unknown,West,0.6,138.0,294.0,3.8,87.0,99.0,17.0,30.0
2672664,405,0,Caucasian,Male,under_45,Unknown,Unknown,West,8.295,135.0,292.0,4.15,85.0,99.0,,38.0
2673309,388,0,Caucasian,Male,under_45,Unknown,Unknown,West,0.55,144.0,117.0,3.7,105.0,96.0,20.0,28.0
2675931,388,0,Caucasian,Male,45_65,Unknown,Unknown,West,0.5,141.5,100.0,3.8,82.0,97.0,18.0,51.0
2676990,382,1,Caucasian,Male,over_65,Unknown,Unknown,Unknown,1.655,118.0,102.0,4.05,86.0,100.0,15.0,
2677807,387,0,Caucasian,Male,over_65,Unknown,Unknown,West,1.04,142.5,111.0,4.5,81.0,99.0,18.0,51.0
2678186,389,0,Other/Unknown,Female,over_65,Unknown,Unknown,West,0.65,139.5,117.5,4.1,59.0,99.0,14.0,74.0
2681532,405,0,Caucasian,Male,over_65,Unknown,Unknown,West,1.27,144.0,131.0,4.1,108.0,94.0,26.0,47.0
2682904,407,0,Caucasian,Male,over_65,Unknown,Unknown,West,2.4,138.0,113.0,4.4,90.0,99.0,,
2683496,408,0,Caucasian,Male,45_65,Unknown,Unknown,West,0.9,137.0,103.5,3.6,91.0,98.0,18.0,45.0
2684065,398,0,Caucasian,Male,over_65,Unknown,Unknown,West,0.98,139.0,120.0,3.8,69.0,96.0,18.0,63.0
2684386,405,0,Hispanic,Male,over_65,Unknown,Unknown,West,2.51,141.0,121.0,4.5,75.0,99.0,14.0,75.0
2684922,405,0,Hispanic,Male,under_45,Unknown,Unknown,West,12.92,146.0,98.0,5.2,113.0,99.0,21.0,66.0
2685279,393,0,Other/Unknown,Male,under_45,Unknown,Unknown,West,1.35,132.5,153.0,4.3,116.0,98.0,23.0,44.0
2685325,390,0,Caucasian,Male,under_45,Unknown,Unknown,Unknown,0.8300000000000001,138.5,96.0,4.0,66.0,100.0,19.0,17.0
2686684,390,0,Caucasian,Male,45_65,Unknown,Unknown,Unknown,4.6850000000000005,136.0,176.0,4.1,79.0,98.0,19.0,24.0
2686685,390,0,Caucasian,Male,45_65,Unknown,Unknown,Unknown,4.825,139.0,143.5,4.4,80.0,100.0,17.0,
2686686,390,0,Caucasian,Male,45_65,Unknown,Unknown,Unknown,4.555,138.5,203.0,5.050000000000001,67.0,99.0,18.0,
2687268,382,0,Caucasian,Male,45_65,Unknown,Unknown,Unknown,0.93,133.0,175.0,4.1,95.0,94.0,16.0,
2687617,384,0,Caucasian,Male,under_45,Unknown,Unknown,West,0.7450000000000001,140.0,94.5,3.75,97.0,96.0,17.0,31.0
2687675,383,0,Hispanic,Male,under_45,Unknown,Unknown,West,0.83,139.0,162.0,3.6,76.0,100.0,17.0,34.0
2687785,408,0,Caucasian,Male,over_65,Unknown,Unknown,West,1.2000000000000002,140.5,118.5,3.8,74.0,95.0,18.0,43.0
2688195,403,0,Caucasian,Male,over_65,Unknown,Unknown,West,1.1,137.0,102.5,4.75,66.0,99.0,14.0,42.0
2688697,386,0,Caucasian,Male,over_65,Unknown,Unknown,West,0.8049999999999999,140.0,158.0,3.6,55.0,96.5,,-1.0
2688891,383,0,Caucasian,Male,under_45,Unknown,Unknown,West,0.71,146.0,110.0,4.1,94.0,98.0,15.0,25.0
2689235,396,0,Asian,Female,45_65,Unknown,Unknown,West,1.73,136.0,108.0,3.9,95.0,98.0,21.0,36.0
2689919,384,0,Caucasian,Male,over_65,Unknown,Unknown,West,1.47,140.0,107.0,4.7,117.0,96.0,19.0,77.0
2690269,397,0,Asian,Female,45_65,Unknown,Unknown,Unknown,0.75,139.0,107.0,3.9,91.5,95.0,,
2691019,405,0,Other/Unknown,Male,over_65,Unknown,Unknown,West,0.97,142.0,201.0,3.3,108.0,95.0,25.0,52.0
2692124,382,0,Caucasian,Male,over_65,Unknown,Unknown,Unknown,1.46,136.0,104.0,3.7,86.0,98.0,23.0,
2692154,383,0,Caucasian,Male,45_65,Unknown,Unknown,West,0.54,144.0,98.0,3.5,74.0,98.0,15.0,44.0
2692183,387,0,Caucasian,Male,45_65,Unknown,Unknown,West,4.09,156.0,199.0,3.9,76.0,97.0,23.0,76.0
2692627,390,0,Caucasian,Male,under_45,Unknown,Unknown,Unknown,1.0,143.0,79.0,3.7,84.0,98.0,23.0,35.0
2694334,387,0,Caucasian,Male,45_65,Unknown,Unknown,West,0.9,143.0,197.0,3.65,84.0,97.0,14.0,38.0
2694451,399,0,Caucasian,Male,under_45,Unknown,Unknown,West,0.48,144.0,88.0,3.7,54.0,98.0,16.0,34.0
2694459,397,0,Asian,Male,45_65,Unknown,Unknown,Unknown,0.48,137.5,100.5,3.7,66.0,96.0,21.0,
2694977,407,0,Hispanic,Male,under_45,Unknown,Unknown,West,0.6499999999999999,135.0,92.5,3.2,67.0,100.0,,22.0
2695180,402,0,Caucasian,Male,over_65,Unknown,Unknown,West,1.11,139.0,121.0,3.5,113.0,99.0,25.0,75.0
2696071,402,0,Caucasian,Male,45_65,Unknown,Unknown,West,0.99,136.0,103.0,4.1,81.0,97.0,19.0,49.0
2696352,404,0,Caucasian,Female,over_65,Unknown,Unknown,West,2.36,145.0,196.0,4.4,87.0,98.0,15.0,56.0
2696749,398,0,Caucasian,Male,45_65,Unknown,Unknown,West,1.005,129.0,141.5,4.4,86.0,92.0,23.0,31.0
2699440,386,0,Caucasian,Female,45_65,Unknown,Unknown,West,0.985,142.0,147.5,4.15,100.0,100.0,29.0,26.0
2702636,404,0,Hispanic,Male,under_45,Unknown,Unknown,West,0.62,142.0,100.0,4.1,79.0,98.0,14.0,36.0
2703113,391,0,African American,Male,under_45,Unknown,Unknown,Unknown,2.12,138.5,96.5,3.65,75.0,95.0,25.0,
2704188,408,0,Hispanic,Female,over_65,Unknown,Unknown,West,1.4,135.5,140.5,4.55,66.0,100.0,19.0,
2705166,396,0,Caucasian,Male,over_65,Unknown,Unknown,West,0.96,142.5,127.0,3.7,83.0,97.0,21.0,82.0
2705983,398,0,Caucasian,Male,under_45,Unknown,Unknown,West,0.69,144.0,100.0,3.5,73.0,99.0,22.0,83.0
2707013,388,0,Hispanic,Female,over_65,Unknown,Unknown,West,1.145,142.5,202.0,3.9,91.0,97.0,18.0,52.0
2707485,403,1,Caucasian,Male,over_65,Unknown,Unknown,West,0.9,142.0,169.0,3.8,89.0,98.0,25.0,
2707486,403,1,Caucasian,Male,over_65,Unknown,Unknown,West,,,,,83.0,96.0,20.0,
2708358,388,0,Caucasian,Male,over_65,Unknown,Unknown,West,1.25,140.0,100.0,4.1,78.0,100.0,16.0,38.0
2708837,400,1,Caucasian,Male,over_65,Unknown,Unknown,West,5.93,140.0,119.5,4.95,87.0,99.0,29.0,81.0
2709370,400,0,Caucasian,Male,over_65,Unknown,Unknown,West,2.52,141.5,144.0,3.8,91.0,97.0,24.0,58.0
2712431,405,0,Hispanic,Male,over_65,Unknown,Unknown,West,1.16,139.0,178.0,4.4,70.0,98.0,26.0,
2712662,407,0,Hispanic,Male,under_45,Unknown,Unknown,West,0.8,137.0,90.0,3.6,94.0,97.0,18.0,28.0
2713393,404,0,Caucasian,Male,over_65,Unknown,Unknown,West,0.55,140.0,119.0,3.9,89.0,98.0,18.0,79.0
2713577,397,0,Caucasian,Male,45_65,Unknown,Unknown,Unknown,0.955,141.0,74.0,4.25,56.0,95.0,,
2714092,408,0,Caucasian,Male,under_45,Unknown,Unknown,West,0.6,137.0,139.0,4.2,89.0,91.0,24.0,19.0
2714202,393,0,Caucasian,Male,45_65,Unknown,Unknown,West,0.95,135.0,174.5,3.5,89.0,97.0,12.0,28.0
2714303,386,0,Hispanic,Male,under_45,Unknown,Unknown,West,0.665,139.5,105.0,3.3,106.0,99.0,18.0,10.0
2714634,382,0,Hispanic,Male,under_45,Unknown,Unknown,Unknown,0.985,140.0,121.0,3.9,70.0,98.0,16.0,
2715137,389,0,Caucasian,Female,under_45,Unknown,Unknown,West,0.5,138.5,235.0,3.6,90.0,100.0,18.0,28.0
2716616,400,0,Caucasian,Male,over_65,Unknown,Unknown,West,0.76,138.0,119.5,4.3,84.0,98.0,13.0,51.0
2716852,391,0,Caucasian,Male,over_65,Unknown,Unknown,Unknown,1.28,132.0,188.0,4.4,68.0,95.0,17.0,
2717280,384,0,Caucasian,Male,over_65,Unknown,Unknown,West,1.365,141.5,115.5,4.1,86.0,95.0,20.0,37.0
2718495,386,0,Caucasian,Male,under_45,Unknown,Unknown,West,0.62,143.0,110.0,3.4,90.0,95.0,23.0,21.0
2720598,389,1,Hispanic,Male,under_45,Unknown,Unknown,West,0.7,142.5,159.5,3.55,94.0,97.0,22.0,74.0
2721402,391,0,Caucasian,Male,under_45,Unknown,Unknown,Unknown,0.8,145.0,131.0,4.2,77.0,100.0,14.0,
2721454,394,0,Caucasian,Male,45_65,Unknown,Unknown,West,0.78,139.5,106.0,4.2,79.0,95.0,23.0,35.0
2723117,383,0,Caucasian,Male,under_45,Unknown,Unknown,West,0.975,146.5,185.0,4.2,74.0,98.0,14.0,36.0
2724119,381,0,Caucasian,Female,over_65,Unknown,Unknown,West,1.385,140.5,102.5,4.4,72.0,99.0,11.0,96.0
2724225,408,0,Caucasian,Female,over_65,Unknown,Unknown,West,1.08,140.0,102.5,4.05,92.0,97.0,19.0,
2724252,381,0,Hispanic,Male,45_65,Unknown,Unknown,West,1.42,136.0,274.0,4.3,67.0,98.0,15.0,43.0
2724441,399,0,Caucasian,Female,45_65,Unknown,Unknown,West,0.71,138.0,105.0,3.75,106.0,96.0,22.0,50.0
2725629,402,0,Caucasian,Male,over_65,Unknown,Unknown,West,1.33,136.0,175.0,4.6,74.0,99.0,19.0,57.0
2726655,407,0,Hispanic,Male,under_45,Unknown,Unknown,West,0.45,139.5,80.5,3.3,59.0,98.0,,16.0
2726926,403,0,Caucasian,Male,over_65,Unknown,Unknown,West,0.9,137.0,119.0,3.7,70.0,98.0,18.0,34.0
2727377,405,0,Caucasian,Male,over_65,Unknown,Unknown,West,1.42,143.5,272.5,4.0,65.0,100.0,22.0,87.0
2728472,392,0,Caucasian,Male,45_65,Unknown,Unknown,West,1.41,140.0,102.0,3.9,95.0,97.0,20.0,55.0
2729111,384,0,Caucasian,Female,45_65,Unknown,Unknown,West,0.38,140.5,122.0,3.65,97.0,96.0,17.0,41.0
2729266,408,0,Caucasian,Male,over_65,Unknown,Unknown,West,0.7,135.0,113.0,3.7,78.0,96.0,12.0,43.0
2729735,391,1,Caucasian,Male,over_65,Unknown,Unknown,Unknown,1.295,137.0,203.5,4.35,75.0,95.0,15.0,
2732669,391,0,Hispanic,Male,45_65,Unknown,Unknown,Unknown,0.81,143.0,151.0,4.0,89.0,97.0,18.0,
2733462,393,0,Other/Unknown,Male,under_45,Unknown,Unknown,West,0.8,148.0,168.0,3.5,66.0,99.0,14.0,36.0
2733542,394,0,Caucasian,Male,over_65,Unknown,Unknown,West,0.74,139.0,153.0,3.8,84.0,98.0,16.0,41.0
2734372,400,0,Caucasian,Male,over_65,Unknown,Unknown,West,0.87,144.0,127.5,3.8,98.0,98.0,20.0,100.0
2735284,382,0,Caucasian,Male,over_65,Unknown,Unknown,Unknown,1.26,136.0,96.0,4.3,86.0,96.0,22.0,
2735374,381,0,Caucasian,Female,over_65,Unknown,Unknown,West,0.685,144.0,97.5,4.2,62.0,97.0,17.0,47.0
2735662,404,0,Caucasian,Female,over_65,Unknown,Unknown,West,1.22,138.0,172.5,4.05,73.0,98.0,21.0,65.0
2737087,386,1,Hispanic,Female,over_65,Unknown,Unknown,West,1.135,138.5,152.0,4.3,80.0,96.0,33.0,
2737587,394,0,Caucasian,Male,over_65,Unknown,Unknown,West,3.24,138.0,151.5,5.35,88.0,99.0,15.0,81.0
2737792,388,0,Caucasian,Male,over_65,Unknown,Unknown,West,1.08,143.0,92.0,3.7,67.0,97.0,15.0,41.0
2738362,387,0,Caucasian,Male,45_65,Unknown,Unknown,West,0.88,142.0,114.0,4.0,66.0,97.0,16.5,25.0
2739712,383,0,Hispanic,Female,over_65,Unknown,Unknown,West,0.62,155.0,189.0,3.5,87.0,100.0,21.0,43.0
2740390,400,0,Caucasian,Male,over_65,Unknown,Unknown,West,0.975,143.0,151.5,3.7,93.0,95.0,24.0,91.0
2740440,388,0,Caucasian,Male,45_65,Unknown,Unknown,West,1.09,135.0,284.0,3.6,67.0,98.0,18.0,54.0
2740764,386,0,Other/Unknown,Male,45_65,Unknown,Unknown,West,1.03,140.5,115.0,4.1,86.0,97.0,24.0,41.0
2740973,400,0,Caucasian,Male,under_45,Unknown,Unknown,West,0.6,142.0,93.0,3.9,115.0,97.0,14.0,33.0
2742035,405,0,Hispanic,Male,over_65,Unknown,Unknown,West,2.21,137.5,134.0,4.25,72.0,99.0,14.0,76.0
2742509,387,1,Caucasian,Male,45_65,Unknown,Unknown,West,3.12,134.0,78.0,6.1,117.0,94.0,15.0,34.0
2743112,384,0,Caucasian,Male,under_45,Unknown,Unknown,West,0.91,141.0,87.0,4.0,85.0,100.0,19.0,20.0
2743241,399,0,Caucasian,Female,over_65,Unknown,Unknown,West,2.25,138.0,144.0,3.45,84.0,91.0,16.0,63.0
2744115,396,0,Caucasian,Male,over_65,Unknown,Unknown,West,1.39,139.0,278.0,4.0,62.0,96.0,19.0,52.0
2745039,382,0,Caucasian,Male,45_65,Unknown,Unknown,Unknown,1.46,138.0,144.0,4.55,94.0,97.0,14.0,
2747029,403,0,Caucasian,Male,over_65,Unknown,Unknown,West,1.2,138.0,,4.5,60.0,97.0,22.0,50.0
2747417,404,0,Caucasian,Male,45_65,Unknown,Unknown,West,1.0,141.0,96.0,3.9,82.0,96.0,13.0,36.0
2747612,388,0,Caucasian,Male,over_65,Unknown,Unknown,West,0.88,138.0,121.0,3.35,81.0,99.0,18.0,49.0
2748974,394,1,Caucasian,Male,over_65,Unknown,Unknown,West,1.22,142.0,205.0,3.85,85.0,99.0,15.0,74.0
2749424,389,0,Caucasian,Female,under_45,Unknown,Unknown,West,0.7,139.0,205.0,3.3,93.0,98.0,18.0,32.0
2750255,403,0,Caucasian,Male,45_65,Unknown,Unknown,West,0.6,136.0,,3.8,74.5,96.0,16.0,
2751276,396,0,Asian,Female,45_65,Unknown,Unknown,West,2.84,137.0,132.0,4.15,91.0,100.0,20.0,33.0
2752622,400,1,Caucasian,Female,over_65,Unknown,Unknown,West,0.635,143.0,98.5,3.5,89.0,96.0,21.0,52.0
2753471,388,0,Hispanic,Male,45_65,Unknown,Unknown,West,0.825,139.0,121.5,3.9,78.0,98.0,15.0,45.0
2754365,400,0,Caucasian,Male,45_65,Unknown,Unknown,West,0.735,139.0,105.0,3.9,88.0,97.0,23.0,75.0
2754778,397,0,Caucasian,Male,over_65,Unknown,Unknown,Unknown,1.035,140.5,135.0,4.1,68.0,96.0,,-1.0
2755766,402,0,Caucasian,Male,over_65,Unknown,Unknown,West,0.86,141.5,122.0,4.1,64.0,97.0,18.0,58.0
2756945,398,0,Hispanic,Male,45_65,Unknown,Unknown,West,0.55,144.0,127.0,3.7,88.5,95.0,22.0,10.0
2757707,387,0,Caucasian,Male,over_65,Unknown,Unknown,West,0.815,141.0,123.0,4.2,65.0,99.0,21.0,53.0
2757872,407,0,Other/Unknown,Male,over_65,Unknown,Unknown,West,0.8,139.0,94.0,4.1,64.0,97.0,,41.0
2758157,396,0,Caucasian,Male,over_65,Unknown,Unknown,West,0.86,138.5,185.5,4.0,65.0,98.0,15.0,39.0
2758779,381,0,Caucasian,Male,45_65,Unknown,Unknown,West,0.47,139.0,162.0,3.85,95.0,94.0,21.0,47.0
2759105,384,0,Caucasian,Male,over_65,Unknown,Unknown,West,0.74,143.0,112.0,3.7,98.0,97.0,16.0,47.0
2759559,383,0,Caucasian,Male,over_65,Unknown,Unknown,West,0.91,139.0,127.0,3.4,76.0,96.0,15.0,73.0
2759697,407,0,Hispanic,Male,under_45,Unknown,Unknown,West,0.905,138.5,98.5,3.65,120.0,98.0,20.0,
2760099,408,0,Caucasian,Male,45_65,Unknown,Unknown,West,0.9,137.0,112.0,3.6,84.0,96.0,14.0,24.0
2761246,408,0,Caucasian,Male,over_65,Unknown,Unknown,West,0.8,142.0,105.0,3.7,71.0,99.0,17.0,37.0
2761777,392,0,Caucasian,Male,over_65,Unknown,Unknown,West,0.6950000000000001,141.0,147.0,3.7,99.0,95.0,19.0,68.0
2764039,399,0,Caucasian,Male,under_45,Unknown,Unknown,West,0.6950000000000001,141.0,109.0,4.2,72.0,93.0,22.0,
2764138,407,0,Caucasian,Male,over_65,Unknown,Unknown,West,0.6,146.0,103.5,3.55,80.0,99.0,,55.0
2764328,399,0,Caucasian,Female,over_65,Unknown,Unknown,West,3.94,136.0,101.0,4.2,95.0,97.0,26.5,72.0
2766005,393,0,Caucasian,Male,45_65,Unknown,Unknown,West,0.8,137.5,258.0,5.050000000000001,82.0,98.0,18.0,26.0
2767923,389,0,Caucasian,Female,under_45,Unknown,Unknown,West,0.75,139.0,315.0,3.3,74.0,98.0,18.0,33.0
2768566,396,0,Hispanic,Male,under_45,Unknown,Unknown,West,0.71,139.5,94.5,4.15,76.0,96.0,19.0,26.0
2770318,383,0,Caucasian,Male,45_65,Unknown,Unknown,West,0.75,138.0,102.0,3.8,77.0,99.0,14.0,29.0
2772818,391,0,Caucasian,Male,over_65,Unknown,Unknown,Unknown,0.56,144.0,96.0,3.6,89.0,99.0,18.0,
2773804,404,0,Caucasian,Male,under_45,Unknown,Unknown,West,0.88,142.0,97.0,4.0,67.0,96.0,18.0,22.0
2774467,398,0,Caucasian,Male,45_65,Unknown,Unknown,West,1.295,123.0,439.0,4.65,101.0,97.0,15.0,74.0
2774569,396,0,Caucasian,Male,over_65,Unknown,Unknown,West,0.795,139.5,90.5,3.65,72.0,99.0,17.0,44.0
2774779,381,0,Other/Unknown,Male,over_65,Unknown,Unknown,West,5.97,144.0,104.0,3.4,60.0,97.0,18.0,70.0
2774892,408,0,Caucasian,Male,45_65,Unknown,Unknown,West,0.8,134.0,102.5,4.35,71.0,100.0,14.0,64.0
2776590,404,0,Caucasian,Male,over_65,Unknown,Unknown,West,0.81,143.0,142.0,3.7,67.0,99.0,14.0,39.0
2778278,390,0,Hispanic,Male,over_65,Unknown,Unknown,Unknown,2.375,137.0,147.5,4.05,89.0,99.0,20.0,
2778495,407,0,Other/Unknown,Male,45_65,Unknown,Unknown,West,1.94,137.0,230.0,3.8,68.0,98.0,21.0,
2781128,392,1,Caucasian,Male,under_45,Unknown,Unknown,West,0.92,141.0,78.5,3.5,99.0,92.0,30.0,
2781413,389,0,Caucasian,Female,45_65,Unknown,Unknown,West,0.9,143.0,139.0,4.1,65.0,97.0,16.0,22.0
2784403,386,0,Hispanic,Female,45_65,Unknown,Unknown,West,3.37,140.0,84.0,4.8,74.0,100.0,17.0,66.0
2784404,386,0,Hispanic,Female,45_65,Unknown,Unknown,West,3.77,137.0,101.0,5.1,56.0,100.0,18.0,56.0
2784405,386,0,Hispanic,Female,45_65,Unknown,Unknown,West,3.115,136.5,124.0,4.550000000000001,65.0,97.0,17.0,48.0
2786504,403,0,Caucasian,Male,under_45,Unknown,Unknown,West,3.1,136.0,118.0,3.4,102.0,94.0,15.0,56.0
2786505,403,0,Caucasian,Male,under_45,Unknown,Unknown,West,1.45,139.0,102.5,3.6,100.0,96.0,15.0,67.0
2786506,403,0,Caucasian,Male,under_45,Unknown,Unknown,West,3.0,135.0,120.5,3.4,99.0,96.0,20.0,-1.0
2787456,404,0,Hispanic,Female,under_45,Unknown,Unknown,West,0.585,139.0,93.5,3.75,98.5,97.0,22.0,30.0
2787683,407,0,Caucasian,Male,over_65,Unknown,Unknown,West,0.9,149.0,105.0,3.85,84.5,97.0,21.0,-1.0
2787684,407,0,Caucasian,Male,over_65,Unknown,Unknown,West,1.2,148.0,119.0,4.6,105.0,,22.0,
2788588,402,0,Caucasian,Female,45_65,Unknown,Unknown,West,0.79,138.0,118.0,3.7,86.0,98.0,16.0,93.0
2791385,396,0,Native American,Male,over_65,Unknown,Unknown,West,1.765,141.5,171.5,3.7,61.0,98.0,17.0,87.0
2792350,405,0,Hispanic,Male,over_65,Unknown,Unknown,West,2.93,140.0,96.0,3.6,73.0,98.0,14.0,67.0
2793359,382,0,Caucasian,Male,over_65,Unknown,Unknown,Unknown,1.475,138.0,94.0,4.4,86.0,98.0,19.0,
2793829,397,0,Asian,Male,over_65,Unknown,Unknown,Unknown,0.8700000000000001,140.5,130.5,3.85,60.0,98.0,15.0,48.0
2794087,404,0,Caucasian,Female,45_65,Unknown,Unknown,West,0.78,141.0,211.0,4.05,79.0,95.0,18.0,29.0
2794088,404,0,Caucasian,Female,45_65,Unknown,Unknown,West,0.925,138.5,186.5,3.6,90.0,94.0,12.0,24.0
2794381,403,0,Caucasian,Male,over_65,Unknown,Unknown,West,1.1,141.0,,3.9,63.0,100.0,14.0,57.0
2794541,391,0,Caucasian,Male,over_65,Unknown,Unknown,Unknown,1.47,139.0,232.0,4.4,98.0,95.0,23.0,
2794542,391,0,Caucasian,Male,over_65,Unknown,Unknown,Unknown,1.465,138.5,220.5,4.4,,,,
2795183,382,0,Caucasian,Male,over_65,Unknown,Unknown,Unknown,1.51,138.0,101.0,4.35,79.0,100.0,12.0,
2795570,390,0,Hispanic,Male,45_65,Unknown,Unknown,Unknown,0.815,140.5,178.0,3.9,89.5,98.0,19.0,51.0
2796180,383,0,Caucasian,Male,over_65,Unknown,Unknown,West,1.84,140.5,213.0,4.05,76.0,99.0,12.0,61.0
2797147,399,0,Caucasian,Female,over_65,Unknown,Unknown,West,2.71,120.5,105.5,4.15,100.0,92.0,18.0,64.0
2798666,394,0,Caucasian,Male,over_65,Unknown,Unknown,West,0.72,142.5,109.5,3.55,68.0,99.0,18.0,49.0
2798816,399,0,Caucasian,Male,over_65,Unknown,Unknown,West,1.17,139.0,128.0,4.3,107.0,94.0,17.0,
2800211,383,0,Caucasian,Male,under_45,Unknown,Unknown,West,0.985,142.5,85.5,4.1,97.0,99.0,19.5,61.0
2801211,398,0,Caucasian,Female,over_65,Unknown,Unknown,West,1.01,139.0,109.0,3.7,103.0,98.0,10.0,86.0
2803818,392,0,Hispanic,Female,45_65,Unknown,Unknown,West,3.4,132.0,157.0,3.9,113.0,98.0,22.0,92.0
2803940,384,0,Caucasian,Male,45_65,Unknown,Unknown,West,7.365,136.0,176.0,4.6,71.0,98.0,1.0,37.0
2804045,389,0,African American,Male,under_45,Unknown,Unknown,West,1.0,141.0,134.0,3.6,104.0,98.0,19.0,28.0
2804325,398,0,Caucasian,Female,over_65,Unknown,Unknown,West,1.16,136.0,111.0,4.4,73.0,95.5,20.0,51.0
2805423,382,0,Caucasian,Male,over_65,Unknown,Unknown,Unknown,1.12,135.0,119.0,4.05,73.0,99.0,14.0,
2805897,384,1,Caucasian,Male,over_65,Unknown,Unknown,West,0.59,150.0,122.0,3.5,70.0,98.0,20.0,39.0
2808515,393,0,Caucasian,Male,45_65,Unknown,Unknown,West,0.8,138.0,117.0,3.7,148.0,92.5,36.0,
2812171,397,0,Asian,Male,under_45,Unknown,Unknown,Unknown,0.64,134.5,107.0,4.0,79.0,95.0,19.0,
2812202,394,1,Caucasian,Male,over_65,Unknown,Unknown,West,0.8049999999999999,142.0,119.0,4.05,74.0,87.0,17.0,61.0
2813307,398,0,Caucasian,Female,under_45,Unknown,Unknown,West,0.55,138.0,93.0,3.2,132.5,96.0,38.0,70.0
2814579,387,0,Caucasian,Male,over_65,Unknown,Unknown,West,2.1,137.0,87.0,3.55,92.0,97.0,19.0,88.0
2818861,386,0,Caucasian,Male,over_65,Unknown,Unknown,West,1.525,144.0,139.5,3.85,64.0,96.0,20.0,41.0
2818995,407,0,Hispanic,Male,over_65,Unknown,Unknown,West,0.8,143.0,110.0,3.9,92.0,96.0,,24.0
2819402,402,0,Caucasian,Male,over_65,Unknown,Unknown,West,0.59,130.0,103.0,3.4,81.0,95.0,18.0,62.0
2819666,392,0,Caucasian,Male,under_45,Unknown,Unknown,West,0.78,139.0,104.0,3.7,101.5,98.0,15.0,49.0
2820137,390,0,Caucasian,Male,over_65,Unknown,Unknown,Unknown,,,,,64.0,98.0,18.0,27.0
2820527,397,1,Caucasian,Male,over_65,Unknown,Unknown,Unknown,2.81,142.0,118.0,5.45,81.0,90.0,37.0,98.0
2821497,398,0,Caucasian,Female,45_65,Unknown,Unknown,West,0.87,136.0,189.5,4.1,75.0,96.0,23.0,35.0
2821884,393,0,Other/Unknown,Male,over_65,Unknown,Unknown,West,0.9,146.0,134.5,4.3,108.0,95.0,21.0,45.0
2822610,391,0,Caucasian,Male,45_65,Unknown,Unknown,Unknown,0.835,142.0,101.0,3.7,66.0,98.0,19.0,
2823485,392,0,Caucasian,Male,under_45,Unknown,Unknown,West,0.625,137.5,124.0,3.95,111.0,99.0,19.0,52.0
2823486,392,0,Caucasian,Male,under_45,Unknown,Unknown,West,0.77,137.0,105.0,4.1,77.0,100.0,16.0,
2823926,407,0,Caucasian,Male,over_65,Unknown,Unknown,West,1.0,141.0,165.0,3.7,76.0,97.0,17.0,31.0
2825733,388,0,Caucasian,Male,45_65,Unknown,Unknown,West,0.625,139.0,114.5,3.6,102.0,99.0,18.0,49.0
2825734,388,0,Caucasian,Male,45_65,Unknown,Unknown,West,0.91,143.0,115.0,3.75,80.0,97.0,18.0,42.0
2825782,399,0,Caucasian,Female,45_65,Unknown,Unknown,West,0.59,138.0,81.0,3.9,72.0,97.0,20.0,
2826676,388,0,Caucasian,Male,over_65,Unknown,Unknown,West,0.68,143.0,130.0,3.7,84.0,98.0,22.0,80.0
2826931,400,0,Caucasian,Male,over_65,Unknown,Unknown,West,1.395,138.5,133.5,4.05,61.0,99.0,18.0,40.0
2827046,384,0,Caucasian,Male,under_45,Unknown,Unknown,West,0.86,141.0,100.0,3.9,67.0,100.0,16.0,38.0
2828835,405,0,Caucasian,Male,45_65,Unknown,Unknown,West,0.63,142.0,168.0,4.4,92.0,98.0,20.0,
2829425,396,0,Caucasian,Male,over_65,Unknown,Unknown,West,0.56,143.0,86.0,3.9,96.0,95.5,16.0,36.0
2831222,392,1,Hispanic,Male,over_65,Unknown,Unknown,West,2.005,140.5,57.0,2.55,108.0,94.0,32.0,122.0
2831316,390,0,Caucasian,Male,under_45,Unknown,Unknown,Unknown,0.84,137.0,99.0,4.05,88.0,97.0,14.0,18.0
2831468,389,1,Caucasian,Male,over_65,Unknown,Unknown,West,2.95,143.0,94.0,3.25,133.0,100.0,32.0,76.0
2832104,381,0,Caucasian,Female,45_65,Unknown,Unknown,West,1.1549999999999998,141.5,164.5,3.95,61.0,97.0,18.0,51.0
2832466,392,0,Caucasian,Male,over_65,Unknown,Unknown,West,0.535,137.0,100.0,4.1,84.0,95.0,26.0,32.0
2832961,390,0,Caucasian,Male,45_65,Unknown,Unknown,Unknown,0.565,139.5,97.0,3.5,58.0,99.0,26.0,39.0
2833930,398,0,Caucasian,Male,45_65,Unknown,Unknown,West,0.62,131.0,99.0,4.6,82.0,97.0,17.0,25.0
2833949,400,0,Caucasian,Male,over_65,Unknown,Unknown,West,1.125,134.5,257.0,3.9,86.0,94.0,22.0,42.0
2834193,393,0,Other/Unknown,Male,under_45,Unknown,Unknown,West,0.8,138.0,150.0,4.1,78.0,97.0,15.0,37.0
2835951,397,0,African American,Male,under_45,Unknown,Unknown,Unknown,0.985,144.0,94.0,3.6,40.0,97.0,12.0,31.0
2837644,403,0,Asian,Male,over_65,Unknown,Unknown,West,1.4,139.5,,3.7,86.0,96.0,24.0,42.0
2837926,381,0,Hispanic,Male,under_45,Unknown,Unknown,West,0.82,140.0,225.5,3.9,130.0,94.0,24.0,48.0
2838313,392,0,Caucasian,Male,over_65,Unknown,Unknown,West,0.81,140.0,145.5,4.05,39.0,97.0,17.0,56.0
2838819,382,0,Caucasian,Male,45_65,Unknown,Unknown,Unknown,1.1,134.0,109.5,4.05,84.0,97.0,21.0,
2839364,386,0,Caucasian,Male,under_45,Unknown,Unknown,West,1.13,140.0,73.0,4.0,81.0,99.0,18.0,16.0
2840521,394,0,Caucasian,Male,45_65,Unknown,Unknown,West,1.19,140.0,104.0,3.75,66.0,97.0,12.0,24.0
2841583,387,0,Caucasian,Male,over_65,Unknown,Unknown,West,1.28,134.0,106.0,4.8,72.0,98.0,13.0,64.0
2841584,387,0,Caucasian,Male,over_65,Unknown,Unknown,West,1.55,132.0,111.0,4.5,66.0,99.0,15.0,80.0
2841585,387,0,Caucasian,Male,over_65,Unknown,Unknown,West,0.995,132.0,117.5,5.1,74.0,96.0,14.0,46.0
2841632,383,0,Caucasian,Male,45_65,Unknown,Unknown,West,0.93,146.0,138.0,3.9,74.0,100.0,17.0,39.0
2841895,393,0,Caucasian,Male,45_65,Unknown,Unknown,West,0.8500000000000001,132.5,145.0,3.6,80.0,95.0,11.0,43.0
2842748,404,0,Caucasian,Female,over_65,Unknown,Unknown,West,2.01,134.0,97.0,4.7,82.0,98.0,16.0,71.0
2843984,389,0,Hispanic,Male,under_45,Unknown,Unknown,West,0.5,137.0,254.0,3.3,96.0,99.0,24.0,38.0
2846485,405,0,Caucasian,Male,45_65,Unknown,Unknown,West,0.535,144.0,144.0,4.0,97.0,96.0,25.0,60.0
2847097,397,0,Asian,Male,over_65,Unknown,Unknown,Unknown,1.1150000000000002,139.0,143.5,3.8,73.0,99.0,14.0,70.0
2847703,399,0,Caucasian,Male,over_65,Unknown,Unknown,West,0.62,143.0,116.0,4.0,72.0,97.0,19.0,42.0
2848323,382,0,Caucasian,Male,over_65,Unknown,Unknown,Unknown,1.22,138.0,104.0,4.25,72.0,95.0,18.0,
2848336,394,0,Caucasian,Male,45_65,Unknown,Unknown,West,0.575,135.5,111.5,3.6,112.0,94.5,11.0,27.0
2848387,396,0,African American,Male,45_65,Unknown,Unknown,West,0.9,141.0,118.0,4.1,74.0,99.0,17.0,24.0
2848941,408,0,Caucasian,Male,over_65,Unknown,Unknown,West,1.15,147.0,157.0,3.6,106.0,99.0,21.0,60.0
2849399,387,0,Other/Unknown,Male,45_65,Unknown,Unknown,West,0.62,148.0,91.0,3.9,104.0,98.0,19.0,-1.0
2849534,397,0,Caucasian,Male,under_45,Unknown,Unknown,Unknown,0.46,139.5,117.0,4.0,97.0,97.0,,
2851841,402,0,Caucasian,Female,over_65,Unknown,Unknown,West,1.38,136.0,137.0,4.0,48.0,96.0,20.0,48.0
2853320,404,0,Caucasian,Female,over_65,Unknown,Unknown,West,1.63,139.5,113.5,4.4,48.0,100.0,15.0,82.0
2853358,399,0,Caucasian,Female,45_65,Unknown,Unknown,West,1.71,128.0,108.0,3.1,106.0,97.0,15.0,69.0
2854941,387,0,Caucasian,Male,over_65,Unknown,Unknown,West,0.92,140.0,118.0,4.05,94.0,96.0,17.0,60.0
2855098,400,0,Caucasian,Male,over_65,Unknown,Unknown,West,5.34,139.0,108.0,4.1,63.0,98.0,21.0,69.0
2856345,392,0,Caucasian,Male,under_45,Unknown,Unknown,West,1.0,142.0,122.5,3.1500000000000004,78.0,97.0,14.0,
2857326,398,0,Caucasian,Male,45_65,Unknown,Unknown,West,0.7849999999999999,131.5,176.0,5.1,94.0,91.5,21.0,53.0
2857777,404,0,Caucasian,Female,over_65,Unknown,Unknown,West,0.77,138.0,152.0,4.05,55.0,99.0,18.0,40.0
2858139,382,0,Caucasian,Male,over_65,Unknown,Unknown,Unknown,1.495,137.5,96.0,4.0,79.0,97.0,21.0,
2859392,402,0,Caucasian,Male,over_65,Unknown,Unknown,West,1.48,132.0,293.5,4.1,60.0,94.0,16.0,68.0
2860223,391,0,Caucasian,Male,45_65,Unknown,Unknown,Unknown,3.18,142.0,149.0,4.5,75.0,96.0,20.0,
2860378,389,0,Caucasian,Female,under_45,Unknown,Unknown,West,0.8,138.0,255.0,4.0,70.0,99.0,15.0,42.0
2860660,389,0,Hispanic,Male,over_65,Unknown,Unknown,West,1.25,139.0,210.0,3.6,96.0,97.0,20.0,68.0
2860661,389,0,Hispanic,Male,over_65,Unknown,Unknown,West,1.55,141.0,140.0,4.2,121.0,96.0,17.0,67.0
2861097,394,0,Caucasian,Male,over_65,Unknown,Unknown,West,0.67,135.0,101.0,3.5,78.0,96.0,18.0,33.0
2861910,399,0,Caucasian,Male,under_45,Unknown,Unknown,West,0.82,135.0,315.0,4.3,86.0,100.0,18.0,
2863968,386,0,Unknown,Male,45_65,Unknown,Unknown,West,0.67,135.0,238.0,4.2,67.0,100.0,20.0,
2864521,391,0,Caucasian,Male,under_45,Unknown,Unknown,Unknown,0.3399999999999999,137.5,101.0,3.7,99.0,100.0,18.0,
2866326,405,0,Caucasian,Male,under_45,Unknown,Unknown,West,9.65,138.0,269.0,4.2,110.5,99.0,20.0,
2866893,402,0,Hispanic,Male,45_65,Unknown,Unknown,West,0.69,134.0,146.0,3.7,78.0,99.0,18.0,73.0
2867190,403,0,Asian,Male,over_65,Unknown,Unknown,West,0.8,138.0,122.0,4.2,72.0,100.0,18.0,55.0
2868265,389,0,Caucasian,Male,over_65,Unknown,Unknown,West,3.1,138.0,202.0,3.7,70.0,94.0,16.0,85.0
2869280,393,0,Caucasian,Male,45_65,Unknown,Unknown,West,0.7,142.5,116.0,4.15,109.0,95.0,23.0,45.0
2869455,399,0,Caucasian,Female,45_65,Unknown,Unknown,West,0.49,142.0,196.0,3.8,96.0,100.0,25.0,48.0
2870391,398,0,Caucasian,Male,over_65,Unknown,Unknown,West,1.3,143.0,243.0,3.9,,94.0,,
2870678,392,0,Caucasian,Male,45_65,Unknown,Unknown,West,11.71,136.0,100.0,6.199999999999999,91.0,95.0,18.0,49.0
2870997,388,0,Hispanic,Male,45_65,Unknown,Unknown,West,0.775,140.0,108.0,3.7,85.0,98.0,17.0,40.0
2872638,382,0,Caucasian,Male,45_65,Unknown,Unknown,Unknown,0.83,136.0,96.0,4.4,85.0,95.0,22.0,
2872788,396,0,Caucasian,Male,over_65,Unknown,Unknown,West,1.57,139.0,118.0,3.6,78.0,100.0,19.0,81.0
2873230,405,1,Caucasian,Male,over_65,Unknown,Unknown,West,2.43,141.0,168.0,4.0,94.0,98.0,18.0,94.0
2873463,396,0,Caucasian,Male,over_65,Unknown,Unknown,West,0.96,143.0,129.0,4.15,84.0,94.0,14.0,52.0
2873466,389,0,Caucasian,Male,over_65,Unknown,Unknown,West,4.4,137.0,122.0,4.8,112.0,97.0,24.0,76.0
2875586,384,0,Caucasian,Male,over_65,Unknown,Unknown,West,0.875,138.5,130.5,4.55,73.0,96.0,21.0,45.0
2876381,403,0,Caucasian,Male,over_65,Unknown,Unknown,West,1.95,135.5,123.0,3.9,82.0,95.0,17.0,63.0
2878847,389,0,Caucasian,Female,under_45,Unknown,Unknown,West,0.5,138.0,260.5,3.9,74.0,97.0,15.0,32.0
2879352,396,0,Other/Unknown,Female,over_65,Unknown,Unknown,West,7.52,133.0,169.0,4.0,86.0,97.0,17.0,55.0
2879373,393,0,Other/Unknown,Female,over_65,Unknown,Unknown,West,0.2,144.0,110.5,3.9,81.0,98.0,20.0,58.0
2879465,402,0,Caucasian,Male,under_45,Unknown,Unknown,West,1.33,140.0,147.0,4.0,87.0,97.0,19.0,59.0
2880131,393,0,Other/Unknown,Female,45_65,Unknown,Unknown,West,2.9,127.0,120.0,4.5,66.0,99.0,14.0,54.0
2883334,382,0,Caucasian,Male,over_65,Unknown,Unknown,Unknown,0.9,142.0,133.0,4.1,92.0,97.0,18.0,
2885054,400,0,Caucasian,Male,under_45,Unknown,Unknown,West,0.75,145.0,111.5,3.7,87.0,100.0,16.0,95.0
2886183,391,0,Caucasian,Male,over_65,Unknown,Unknown,Unknown,1.12,134.0,111.0,4.1,61.0,98.0,16.0,
2886662,405,0,Caucasian,Male,under_45,Unknown,Unknown,West,3.27,137.5,278.0,3.85,81.0,100.0,18.0,56.0
2887358,396,0,Hispanic,Female,45_65,Unknown,Unknown,West,1.3050000000000002,137.5,102.0,3.7,84.0,100.0,18.0,55.0
2891211,394,0,Caucasian,Male,45_65,Unknown,Unknown,West,0.78,140.0,90.0,4.3,74.0,96.0,26.0,39.0
2891492,390,0,Caucasian,Female,over_65,Unknown,Unknown,Unknown,0.7,137.0,105.0,3.6,89.0,96.0,18.0,24.0
2892403,392,0,Caucasian,Male,over_65,Unknown,Unknown,West,2.58,130.5,109.0,3.7,75.0,98.0,16.0,74.0
2892404,392,0,Caucasian,Male,over_65,Unknown,Unknown,West,3.605,130.5,128.0,4.25,97.0,98.0,17.0,89.0
2893348,393,0,Caucasian,Male,over_65,Unknown,Unknown,West,1.4,138.0,188.0,3.5,77.0,94.0,21.0,43.0
2893870,402,0,Caucasian,Male,over_65,Unknown,Unknown,West,1.21,141.5,194.5,3.9,70.0,100.0,20.0,43.0
2893929,390,0,Hispanic,Male,45_65,Unknown,Unknown,Unknown,7.42,137.0,79.0,4.2,79.0,98.0,16.0,78.0
2894029,404,0,Caucasian,Female,45_65,Unknown,Unknown,West,0.84,138.0,149.0,3.9,68.0,93.0,14.0,28.0
2895549,398,1,Caucasian,Male,45_65,Unknown,Unknown,West,1.32,119.0,210.0,4.25,112.0,100.0,20.0,77.0
2897465,389,0,Hispanic,Male,under_45,Unknown,Unknown,West,0.7,142.0,135.0,3.85,75.0,98.0,18.0,34.0
2898046,381,0,Hispanic,Female,over_65,Unknown,Unknown,West,1.71,144.0,194.0,4.6,64.0,100.0,15.0,
2898513,398,0,Caucasian,Male,45_65,Unknown,Unknown,West,1.0,136.5,145.0,3.2,104.0,99.0,16.0,58.0
2899929,381,0,Caucasian,Male,over_65,Unknown,Unknown,West,0.645,141.0,110.0,4.5,77.0,98.0,17.0,50.0
2900423,402,0,Caucasian,Male,under_45,Unknown,Unknown,West,0.91,134.0,177.0,3.7,89.0,98.0,21.0,24.0
2901384,407,1,Caucasian,Male,45_65,Unknown,Unknown,West,2.215,138.5,111.0,6.65,103.0,100.0,20.5,
2902156,381,0,Caucasian,Male,45_65,Unknown,Unknown,West,1.21,141.0,110.5,4.15,100.0,95.0,19.0,46.0
2903553,411,1,Asian,Male,over_65,Unknown,Unknown,West,2.575,137.0,103.5,3.85,97.0,98.0,24.0,77.0
2903847,411,0,Caucasian,Male,over_65,Unknown,Unknown,West,2.27,138.5,91.5,5.1,78.0,94.0,15.0,
2903848,411,0,Caucasian,Male,over_65,Unknown,Unknown,West,3.065,141.0,140.0,4.45,79.0,96.0,14.0,
2903849,411,0,Caucasian,Male,over_65,Unknown,Unknown,West,,,,,,,,
2905728,413,0,Caucasian,Male,over_65,Unknown,Unknown,West,1.16,136.0,126.0,3.55,63.0,97.0,14.0,44.0
2906477,413,1,Other/Unknown,Male,45_65,Unknown,Unknown,West,1.26,178.0,114.0,2.9,69.0,96.0,14.0,24.0
2906478,413,1,Other/Unknown,Male,45_65,Unknown,Unknown,West,0.65,148.0,124.0,3.8,94.0,95.0,18.0,30.0
2906936,412,0,Caucasian,Female,over_65,Unknown,Unknown,West,0.6,133.0,108.0,3.8,82.0,99.0,16.0,73.0
2913443,411,0,Caucasian,Male,over_65,Unknown,Unknown,West,0.7749999999999999,143.5,128.0,4.05,59.0,96.0,11.0,
2914101,413,0,Asian,Male,over_65,Unknown,Unknown,West,0.94,136.0,98.0,4.2,75.0,97.0,16.0,69.0
2917555,411,0,Asian,Female,over_65,Unknown,Unknown,West,1.355,124.0,177.0,4.699999999999999,101.0,95.0,21.0,
2918903,413,0,Caucasian,Female,over_65,Unknown,Unknown,West,5.045,127.0,137.5,4.85,73.5,97.0,18.0,51.0
2921129,412,1,Other/Unknown,Male,over_65,Unknown,Unknown,West,1.6949999999999998,144.0,165.0,4.5,95.0,100.0,29.0,
2934903,413,0,Caucasian,Male,over_65,Unknown,Unknown,West,,,,,55.0,95.0,19.0,58.0
2935023,411,1,Asian,Male,over_65,Unknown,Unknown,West,3.02,138.5,105.5,6.9,85.0,97.0,32.0,81.0
2940544,413,1,Caucasian,Female,over_65,Unknown,Unknown,West,1.18,134.0,132.0,4.4,78.0,98.0,21.0,101.0
2942873,411,0,Caucasian,Male,45_65,Unknown,Unknown,West,0.87,139.0,111.0,3.3,113.0,100.0,24.0,80.0
2943467,412,0,Caucasian,Female,under_45,Unknown,Unknown,West,0.74,138.0,111.0,4.0,93.0,98.0,15.0,28.0
2946465,411,0,Other/Unknown,Male,45_65,Unknown,Unknown,West,0.99,140.5,102.5,3.45,99.0,97.0,26.0,
2948693,413,1,Caucasian,Female,over_65,Unknown,Unknown,West,0.74,143.0,122.0,4.1,72.0,98.0,19.0,
2950802,412,0,Caucasian,Male,under_45,Unknown,Unknown,West,0.78,140.0,191.0,4.4,102.0,96.0,19.0,
2953061,413,1,Other/Unknown,Male,over_65,Unknown,Unknown,West,4.66,133.0,174.0,5.2,100.0,98.0,17.0,62.0
2958288,411,0,Caucasian,Female,over_65,Unknown,Unknown,West,0.88,137.0,117.0,4.2,79.0,99.0,17.0,
2958289,411,0,Caucasian,Female,over_65,Unknown,Unknown,West,1.05,135.0,74.0,4.4,74.0,97.0,14.0,
2958290,411,0,Caucasian,Female,over_65,Unknown,Unknown,West,0.89,138.0,79.0,4.5,72.0,97.0,18.0,
2960916,412,0,African American,Female,45_65,Unknown,Unknown,West,2.895,127.0,240.0,3.1500000000000004,68.0,96.0,14.0,56.0
2970589,412,0,Caucasian,Female,45_65,Unknown,Unknown,West,0.61,139.0,101.0,4.5,90.0,96.0,15.0,48.0
2973367,411,0,Other/Unknown,Male,over_65,Unknown,Unknown,West,3.18,129.0,226.0,5.5,70.0,98.0,20.0,
2980454,412,0,Other/Unknown,Male,over_65,Unknown,Unknown,West,0.64,135.0,250.0,4.1,70.0,98.0,14.0,31.0
2982292,412,1,Caucasian,Female,over_65,Unknown,Unknown,West,,,,,92.0,92.0,25.0,
2982293,412,1,Caucasian,Female,over_65,Unknown,Unknown,West,1.15,141.0,174.0,3.8,77.0,92.0,18.0,50.0
2982294,412,1,Caucasian,Female,over_65,Unknown,Unknown,West,0.87,140.5,102.0,4.15,85.0,94.0,24.0,53.0
2983640,411,0,African American,Male,45_65,Unknown,Unknown,West,1.035,139.0,108.5,3.45,87.0,97.0,18.0,
2989641,411,0,Caucasian,Female,45_65,Unknown,Unknown,West,0.585,136.5,134.0,3.9,94.0,91.0,23.0,
2989799,412,0,Caucasian,Male,over_65,Unknown,Unknown,West,0.81,137.0,139.0,4.550000000000001,72.0,99.5,14.0,
2990225,413,0,Caucasian,Female,over_65,Unknown,Unknown,West,0.91,139.5,106.0,4.0,85.0,100.0,13.0,
2993915,413,0,Other/Unknown,Male,45_65,Unknown,Unknown,West,0.83,142.0,144.0,4.4,85.0,95.0,17.0,
2994833,412,0,Caucasian,Male,over_65,Unknown,Unknown,West,0.84,141.0,106.5,5.15,110.0,94.0,21.0,50.0
2999209,417,0,Caucasian,Male,over_65,Unknown,Unknown,South,,,,,62.5,95.0,18.0,36.0
3001552,416,1,Caucasian,Male,over_65,Unknown,Unknown,Midwest,1.3450000000000002,136.0,126.0,4.0,87.0,96.0,,93.0
3003035,417,0,Caucasian,Male,45_65,Unknown,Unknown,South,0.7,135.5,118.0,4.1,,,,48.0
3003844,417,0,Caucasian,Male,over_65,Unknown,Unknown,South,1.05,139.0,160.5,4.15,70.0,100.0,19.0,37.0
3009480,416,0,African American,Male,over_65,Unknown,Unknown,Midwest,3.085,140.5,207.5,4.65,71.0,98.0,,68.0
3011600,416,0,Caucasian,Male,over_65,Unknown,Unknown,Midwest,1.115,135.0,198.5,4.6,90.0,96.0,15.0,54.0
3012414,417,0,Caucasian,Female,over_65,Unknown,Unknown,South,0.8,129.0,130.0,4.6,81.0,97.0,20.0,89.0
3017716,416,0,African American,Female,over_65,Unknown,Unknown,Midwest,2.845,145.5,89.5,3.75,85.0,100.0,15.0,75.0
3019476,416,0,Caucasian,Male,over_65,Unknown,Unknown,Midwest,3.16,137.5,106.5,4.15,80.0,95.0,,63.0
3021108,417,0,Caucasian,Male,45_65,Unknown,Unknown,South,,,,,73.0,96.0,17.0,19.0
3021362,417,0,Caucasian,Male,45_65,Unknown,Unknown,South,1.5,133.0,75.0,4.4,71.0,99.5,19.0,53.0
3023263,417,0,Caucasian,Male,over_65,Unknown,Unknown,South,0.9,135.0,104.0,3.8,80.0,96.0,19.0,35.0
3025797,416,0,Caucasian,Male,over_65,Unknown,Unknown,Midwest,0.84,133.0,120.0,3.9,68.0,98.0,14.0,58.0
3027283,417,1,Caucasian,Male,over_65,Unknown,Unknown,South,1.3,122.0,116.5,4.4,86.0,100.0,18.0,42.0
3027284,417,1,Caucasian,Male,over_65,Unknown,Unknown,South,1.1,143.0,104.0,3.8,89.0,99.0,20.0,60.0
3027681,416,0,Caucasian,Female,over_65,Unknown,Unknown,Midwest,0.64,141.0,157.0,3.9,99.0,98.0,21.0,57.0
3029353,417,1,Caucasian,Male,over_65,Unknown,Unknown,South,2.2,141.0,131.0,4.2,60.0,91.0,18.0,110.0
3029852,416,0,Caucasian,Female,45_65,Unknown,Unknown,Midwest,1.1,138.0,153.0,3.7,67.0,98.0,15.0,37.0
3030641,417,0,Caucasian,Male,over_65,Unknown,Unknown,South,0.8,136.0,105.0,4.2,98.0,93.0,22.0,48.0
3031944,416,0,African American,Male,over_65,Unknown,Unknown,Midwest,0.985,137.5,126.0,4.3,82.0,96.0,20.0,41.0
3033795,416,0,Caucasian,Male,45_65,Unknown,Unknown,Midwest,0.68,133.0,146.0,3.9,82.0,98.0,17.0,46.0
3033797,417,0,Caucasian,Female,under_45,Unknown,Unknown,South,1.1,137.0,143.0,5.9,71.0,97.0,26.0,73.0
3034194,425,0,Caucasian,Male,45_65,Unknown,Unknown,Northeast,0.94,141.0,155.0,4.43,73.0,95.0,24.0,21.0
3035113,421,0,Caucasian,Female,45_65,Unknown,Unknown,Northeast,0.65,140.0,104.0,3.8,84.0,95.0,22.0,34.0
3035600,420,0,Caucasian,Female,over_65,Unknown,Unknown,Northeast,0.56,135.0,138.0,4.1,99.0,97.0,18.0,
3035601,420,0,Caucasian,Female,over_65,Unknown,Unknown,Northeast,0.76,136.0,247.0,4.2,106.0,97.0,18.0,57.0
3035602,420,0,Caucasian,Female,over_65,Unknown,Unknown,Northeast,,,,,,,,
3037894,424,0,Caucasian,Female,over_65,Unknown,Unknown,Northeast,0.52,131.0,103.0,4.0,74.0,97.0,19.0,76.0
3038707,423,0,Caucasian,Female,over_65,Unknown,Unknown,Northeast,0.94,137.0,172.0,3.7,79.0,95.0,19.0,34.0
3038770,422,0,Caucasian,Female,over_65,Unknown,Unknown,Northeast,0.93,142.0,139.0,4.0,91.0,96.0,,
3042718,423,0,Caucasian,Male,under_45,Unknown,Unknown,Northeast,0.89,138.5,107.0,4.2,64.0,97.0,16.0,15.0
3046540,424,0,Caucasian,Female,over_65,Unknown,Unknown,Northeast,0.75,145.5,143.0,3.75,70.0,96.0,18.0,32.0
3046967,420,0,Caucasian,Female,over_65,Unknown,Unknown,Northeast,0.86,138.5,94.0,4.4,77.0,95.0,18.0,34.0
3047675,422,0,Caucasian,Female,under_45,Unknown,Unknown,Northeast,0.57,139.0,98.0,3.7,78.0,94.0,,26.0
3048982,425,0,Caucasian,Male,over_65,Unknown,Unknown,Northeast,0.83,140.0,95.0,3.73,57.0,97.0,23.0,58.0
3053511,419,0,Caucasian,Female,under_45,Unknown,Unknown,Northeast,0.6,140.0,90.0,3.8,106.0,96.0,35.0,30.0
3055167,425,0,Caucasian,Male,45_65,Unknown,Unknown,Northeast,0.65,130.0,162.0,4.4,80.0,91.0,21.0,36.0
3057805,420,0,Caucasian,Female,over_65,Unknown,Unknown,Northeast,0.66,139.5,100.0,3.1,83.0,99.0,20.0,
3057806,420,0,Caucasian,Female,over_65,Unknown,Unknown,Northeast,0.57,141.0,96.0,3.6,77.0,98.0,23.0,
3058804,419,0,Caucasian,Female,over_65,Unknown,Unknown,Northeast,0.9,136.5,100.5,4.2,81.0,98.0,19.0,58.0
3058972,420,0,Caucasian,Female,over_65,Unknown,Unknown,Northeast,1.38,124.0,87.5,4.2,80.0,98.0,21.0,65.0
3060213,421,0,Caucasian,Female,45_65,Unknown,Unknown,Northeast,0.62,141.0,160.0,3.6,81.0,98.0,20.0,45.0
3063333,424,0,Caucasian,Female,under_45,Unknown,Unknown,Northeast,0.825,136.0,108.5,3.65,66.0,98.0,15.0,69.0
3066852,419,0,Caucasian,Male,under_45,Unknown,Unknown,Northeast,0.9,134.0,108.0,3.7,55.0,96.0,17.0,17.0
3067246,424,0,Caucasian,Male,over_65,Unknown,Unknown,Northeast,0.98,136.5,87.5,4.1,64.0,94.0,23.0,-1.0
3067309,420,1,Caucasian,Female,over_65,Unknown,Unknown,Northeast,0.46,133.0,124.0,3.9,89.0,100.0,18.0,87.0
3068380,421,0,Caucasian,Male,under_45,Unknown,Unknown,Northeast,0.94,146.0,101.0,3.4,80.0,97.0,23.0,26.0
3069211,424,0,Caucasian,Female,45_65,Unknown,Unknown,Northeast,0.58,134.0,111.0,3.5,82.0,96.0,21.0,32.0
3069831,421,0,Caucasian,Male,over_65,Unknown,Unknown,Northeast,0.855,140.5,91.0,3.4,76.0,93.0,18.0,30.0
3070432,425,0,Caucasian,Male,45_65,Unknown,Unknown,Northeast,0.56,138.0,124.0,4.5,68.0,93.0,20.0,38.0
3072205,419,0,African American,Female,over_65,Unknown,Unknown,Northeast,0.95,140.0,129.0,3.85,78.0,95.0,22.0,26.0
3075364,421,0,Caucasian,Female,45_65,Unknown,Unknown,Northeast,0.73,135.0,155.0,4.35,95.0,97.0,26.0,42.0
3075813,421,1,Caucasian,Male,over_65,Unknown,Unknown,Northeast,2.555,142.5,113.0,4.15,89.0,98.0,20.0,59.0
3076005,423,0,Caucasian,Female,over_65,Unknown,Unknown,Northeast,0.92,136.0,99.0,4.8,106.0,100.0,19.0,64.0
3077438,423,0,Caucasian,Female,over_65,Unknown,Unknown,Northeast,0.77,135.0,128.0,3.8,88.0,95.0,22.0,58.0
3078650,420,0,Caucasian,Female,over_65,Unknown,Unknown,Northeast,0.8500000000000001,138.0,173.5,3.9,86.0,93.0,19.0,57.0
3079056,422,1,Caucasian,Male,45_65,Unknown,Unknown,Northeast,1.5,128.5,348.5,5.9,,,,
3079543,420,0,Caucasian,Female,over_65,Unknown,Unknown,Northeast,0.705,138.5,80.0,4.8,85.0,97.0,15.0,51.0
3079819,425,0,Caucasian,Female,45_65,Unknown,Unknown,Northeast,1.12,137.0,262.0,4.0,96.0,97.0,23.0,43.0
3083539,425,0,Caucasian,Male,over_65,Unknown,Unknown,Northeast,0.985,138.5,133.0,4.25,92.0,97.0,17.0,67.0
3083578,421,0,African American,Female,under_45,Unknown,Unknown,Northeast,0.314,142.0,96.0,3.8,85.0,99.0,15.0,47.0
3085130,419,0,Caucasian,Female,over_65,Unknown,Unknown,Northeast,1.1,137.0,146.0,4.3,77.0,98.0,13.0,66.0
3085970,421,0,Caucasian,Male,45_65,Unknown,Unknown,Northeast,0.86,135.0,96.0,3.8,88.0,98.0,18.0,64.0
3086265,424,0,Caucasian,Female,over_65,Unknown,Unknown,Northeast,1.13,135.5,158.0,4.199999999999999,81.0,93.0,20.0,83.0
3086494,424,0,Caucasian,Female,under_45,Unknown,Unknown,Northeast,0.99,130.0,112.0,3.9,85.0,93.0,18.0,46.0
3086799,422,0,Caucasian,Male,under_45,Unknown,Unknown,Northeast,0.825,137.5,111.0,3.7,68.0,99.0,,17.0
3088802,423,0,Caucasian,Male,45_65,Unknown,Unknown,Northeast,1.19,133.0,269.0,4.6,83.0,96.0,12.0,36.0
3090122,425,0,Caucasian,Male,over_65,Unknown,Unknown,Northeast,1.34,130.0,145.0,4.1,91.0,100.0,17.0,96.0
3092621,419,0,Caucasian,Male,45_65,Unknown,Unknown,Northeast,0.8,140.0,84.0,4.2,61.5,99.0,15.0,31.0
3094334,422,0,Caucasian,Male,45_65,Unknown,Unknown,Northeast,0.955,139.5,234.5,3.9,122.0,97.0,,41.0
3095720,419,0,Caucasian,Male,over_65,Unknown,Unknown,Northeast,1.1,138.0,121.0,3.5,87.0,96.0,21.0,59.0
3096492,423,0,Caucasian,Male,over_65,Unknown,Unknown,Northeast,1.03,144.0,167.0,4.2,64.0,99.0,20.0,72.0
3097587,420,0,Caucasian,Female,over_65,Unknown,Unknown,Northeast,0.595,140.5,95.0,4.05,88.0,96.0,20.0,74.0
3098570,422,0,Caucasian,Male,45_65,Unknown,Unknown,Northeast,0.89,142.0,228.0,3.7,93.0,94.0,17.0,
3098657,419,0,Caucasian,Male,45_65,Unknown,Unknown,Northeast,2.55,139.5,159.5,4.1,109.0,96.0,24.0,117.0
3099676,425,1,Caucasian,Male,45_65,Unknown,Unknown,Northeast,1.53,139.0,118.0,3.3,65.0,96.0,24.0,42.0
3099740,423,0,Caucasian,Male,45_65,Unknown,Unknown,Northeast,,,,,88.0,95.0,22.0,25.0
3100629,424,0,Caucasian,Male,over_65,Unknown,Unknown,Northeast,1.34,140.0,107.0,3.9,95.0,95.0,23.0,68.0
3100720,425,0,Caucasian,Male,45_65,Unknown,Unknown,Northeast,1.06,135.0,138.0,4.0,95.0,96.5,15.0,
3101166,423,0,African American,Male,under_45,Unknown,Unknown,Northeast,1.04,137.5,104.5,4.1,54.0,98.0,16.0,21.0
3103433,422,1,Caucasian,Female,over_65,Unknown,Unknown,Northeast,0.495,139.0,157.0,3.65,84.0,94.0,19.0,37.0
3103434,422,1,Caucasian,Female,over_65,Unknown,Unknown,Northeast,0.48,136.0,156.5,4.6,90.0,97.0,22.0,44.0
3104196,425,0,Caucasian,Male,45_65,Unknown,Unknown,Northeast,0.99,139.0,106.0,4.7,80.0,100.0,21.5,38.0
3104543,423,0,Caucasian,Male,over_65,Unknown,Unknown,Northeast,2.3,134.0,136.5,3.65,110.5,94.0,27.0,58.0
3106694,425,0,Caucasian,Female,45_65,Unknown,Unknown,Northeast,0.99,136.5,163.0,4.25,54.5,96.0,14.0,
3107149,425,0,Caucasian,Female,under_45,Unknown,Unknown,Northeast,0.835,141.5,93.5,4.0,94.5,95.0,17.0,35.0
3110594,425,0,Caucasian,Male,over_65,Unknown,Unknown,Northeast,0.86,143.0,95.0,4.1,77.0,98.0,19.0,60.0
3111371,424,0,Other/Unknown,Male,under_45,Unknown,Unknown,Northeast,0.635,138.0,96.5,3.6,76.0,100.0,18.0,67.0
3112232,422,0,Caucasian,Female,under_45,Unknown,Unknown,Northeast,0.735,134.0,103.0,3.95,55.0,98.0,19.0,
3112268,422,0,Caucasian,Female,under_45,Unknown,Unknown,Northeast,0.57,140.0,112.0,3.6,80.0,98.0,14.0,42.0
3112826,422,0,Caucasian,Female,over_65,Unknown,Unknown,Northeast,1.46,136.0,120.5,3.8,68.0,97.0,,41.0
3112960,422,0,Caucasian,Female,under_45,Unknown,Unknown,Northeast,0.9,136.0,100.0,2.5,76.0,96.0,18.0,18.0
3114713,421,0,Caucasian,Male,over_65,Unknown,Unknown,Northeast,2.005,140.0,100.5,3.5,65.0,98.0,21.0,89.0
3114730,425,0,Caucasian,Female,under_45,Unknown,Unknown,Northeast,0.735,138.0,112.5,4.05,71.5,95.0,16.0,27.0
3115052,420,0,Caucasian,Female,over_65,Unknown,Unknown,Northeast,0.54,127.0,132.0,3.9,96.0,98.0,14.0,82.0
3115505,420,0,Caucasian,Female,under_45,Unknown,Unknown,Northeast,0.5549999999999999,137.0,104.5,3.95,83.0,96.0,23.0,22.0
3115660,419,0,Caucasian,Female,45_65,Unknown,Unknown,Northeast,1.5,141.0,102.0,4.5,93.0,95.0,22.0,32.0
3116577,420,0,Caucasian,Female,45_65,Unknown,Unknown,Northeast,1.265,143.5,142.0,3.7,82.0,97.0,19.0,85.0
3119186,422,0,Caucasian,Female,over_65,Unknown,Unknown,Northeast,0.91,142.0,174.0,4.0,76.0,96.0,28.0,46.0
3122044,423,1,Caucasian,Female,over_65,Unknown,Unknown,Northeast,1.545,138.5,206.5,3.7,109.0,94.0,20.0,76.0
3122442,421,0,Caucasian,Female,45_65,Unknown,Unknown,Northeast,0.645,137.5,114.0,3.9,63.0,100.0,15.0,
3124262,421,0,Caucasian,Male,45_65,Unknown,Unknown,Northeast,1.02,138.0,117.0,4.0,76.0,94.0,19.0,35.0
3124638,422,0,Caucasian,Female,over_65,Unknown,Unknown,Northeast,1.64,137.0,138.0,3.3,74.0,95.0,21.0,58.0
3124669,419,0,Caucasian,Male,45_65,Unknown,Unknown,Northeast,1.1,137.5,211.5,3.65,105.0,97.0,20.0,44.0
3126933,424,0,Caucasian,Male,45_65,Unknown,Unknown,Northeast,1.045,139.5,129.5,4.25,92.0,95.0,15.0,29.0
3127160,421,1,Caucasian,Male,over_65,Unknown,Unknown,Northeast,1.28,134.5,119.5,4.85,71.0,98.0,19.0,65.0
3128596,423,0,Caucasian,Male,45_65,Unknown,Unknown,Northeast,1.14,138.0,119.0,4.0,79.0,94.0,22.0,20.0
3130379,424,0,Caucasian,Female,under_45,Unknown,Unknown,Northeast,0.56,136.5,198.0,4.25,90.0,95.0,19.0,44.0
3130903,439,1,Caucasian,Male,over_65,Unknown,Unknown,South,3.4,136.0,263.0,6.3,88.0,98.0,24.0,153.0
3131438,429,0,Caucasian,Female,over_65,Unknown,Unknown,South,1.0,138.0,107.5,4.7,93.0,96.0,19.0,
3132106,439,0,Caucasian,Male,over_65,Unknown,Unknown,South,1.4,138.0,117.0,3.6,54.0,95.0,16.0,71.0
3132505,434,1,Caucasian,Female,45_65,Unknown,Unknown,South,2.63,139.0,131.0,3.7,85.0,98.0,18.0,111.0
3132610,439,0,African American,Male,45_65,Unknown,Unknown,South,1.05,134.0,125.0,3.9,79.5,99.0,19.0,-1.0
3132615,437,0,Caucasian,Female,over_65,Unknown,Unknown,South,0.9,142.0,188.0,3.6,70.0,97.0,21.0,56.0
3132737,428,0,African American,Male,45_65,Unknown,Unknown,South,0.5,136.0,98.0,4.199999999999999,70.0,100.0,20.0,
3132859,437,1,Caucasian,Female,45_65,Unknown,Unknown,South,0.4,137.0,112.5,3.6,89.0,100.0,17.0,107.0
3133333,440,0,Caucasian,Male,over_65,Unknown,Unknown,South,0.7,139.0,102.0,3.3,73.0,99.0,19.0,
3133334,440,0,Caucasian,Male,over_65,Unknown,Unknown,South,0.8,141.0,109.0,3.4,79.0,91.0,15.0,50.0
3133335,440,0,Caucasian,Male,over_65,Unknown,Unknown,South,0.9,138.0,113.0,3.7,90.0,91.0,15.0,
3133465,429,1,Caucasian,Male,over_65,Unknown,Unknown,South,1.05,141.0,109.5,4.55,119.0,97.0,18.0,99.0
3133636,439,0,Caucasian,Male,45_65,Unknown,Unknown,South,0.8,135.5,96.5,3.65,76.0,100.0,14.0,42.0
3133874,428,0,African American,Male,45_65,Unknown,Unknown,South,1.85,131.5,356.0,4.2,64.0,98.5,18.0,-1.0
3134824,436,0,African American,Male,over_65,Unknown,Unknown,South,1.2999999999999998,138.5,107.0,4.55,115.0,98.0,23.0,69.0
3134971,438,0,African American,Male,over_65,Unknown,Unknown,South,3.4000000000000004,142.0,92.0,4.7,76.0,98.0,19.0,23.0
3135484,437,0,Caucasian,Female,45_65,Unknown,Unknown,South,1.6,140.0,350.0,3.95,92.0,100.0,19.0,82.0
3135511,429,0,Caucasian,Male,45_65,Unknown,Unknown,South,1.0,138.0,148.0,3.8,98.0,97.0,15.0,91.0
3135611,435,0,Caucasian,Male,over_65,Unknown,Unknown,South,1.86,138.0,148.0,4.8,88.0,97.0,19.0,94.0
3135635,440,0,Caucasian,Male,over_65,Unknown,Unknown,South,,,,,56.0,95.0,18.0,33.0
3135636,440,0,Caucasian,Male,over_65,Unknown,Unknown,South,,,,,59.0,94.0,15.0,
3136218,440,0,Caucasian,Male,45_65,Unknown,Unknown,South,1.15,128.5,570.5,4.25,108.0,94.0,13.0,
3136219,440,0,Caucasian,Male,45_65,Unknown,Unknown,South,1.0,133.0,207.0,4.5,93.0,,6.0,
3136458,436,0,Caucasian,Female,over_65,Unknown,Unknown,South,1.6,139.0,99.0,3.85,91.0,95.0,27.0,79.0
3136459,436,0,Caucasian,Female,over_65,Unknown,Unknown,South,1.1,143.0,142.0,4.0,79.0,97.0,24.0,53.0
3136586,429,0,African American,Female,under_45,Unknown,Unknown,South,0.6,138.0,92.0,3.55,62.5,100.0,19.0,18.0
3136745,433,0,Caucasian,Male,over_65,Unknown,Unknown,South,1.4,144.0,173.5,4.25,71.0,94.0,25.0,43.0
3136876,433,0,Caucasian,Female,45_65,Unknown,Unknown,South,0.8500000000000001,139.5,122.0,3.95,123.0,94.5,29.5,
3137086,429,0,Caucasian,Male,45_65,Unknown,Unknown,South,0.6,140.0,108.0,4.4,101.0,95.0,23.0,86.0
3137822,440,0,Caucasian,Male,over_65,Unknown,Unknown,South,3.3,140.0,108.0,5.3,100.0,95.0,0.0,53.0
3138091,437,0,Other/Unknown,Male,45_65,Unknown,Unknown,South,4.6,139.0,86.0,3.7,89.0,100.0,19.0,57.0
3138092,437,0,Other/Unknown,Male,45_65,Unknown,Unknown,South,4.6,136.5,78.5,3.6,88.0,100.0,23.0,61.0
3138448,428,0,African American,Male,under_45,Unknown,Unknown,South,12.9,135.0,92.0,5.4,94.0,99.0,24.0,-1.0
3138488,433,0,Other/Unknown,Male,under_45,Unknown,Unknown,South,1.05,144.5,92.5,3.9,98.0,96.0,24.0,54.0
3139208,428,0,Caucasian,Male,over_65,Unknown,Unknown,South,0.75,133.0,222.0,3.95,108.0,100.0,13.0,-1.0
3139446,438,0,Caucasian,Female,over_65,Unknown,Unknown,South,,,,,60.0,,19.5,
3139532,438,0,Caucasian,Male,over_65,Unknown,Unknown,South,1.3,143.0,117.0,3.7,74.0,97.0,18.0,47.0
3139600,439,0,Caucasian,Male,over_65,Unknown,Unknown,South,1.25,149.0,113.0,4.0,62.0,95.0,19.0,40.0
3139700,428,0,Caucasian,Male,over_65,Unknown,Unknown,South,0.3,135.5,117.0,4.6,82.0,96.0,28.0,-1.0
3139987,434,0,Caucasian,Male,45_65,Unknown,Unknown,South,0.675,136.5,103.5,3.9,108.0,95.0,17.0,46.0
3140049,437,0,Caucasian,Male,over_65,Unknown,Unknown,South,0.4,137.0,90.0,3.5,69.0,100.0,15.0,60.0
3140152,433,0,Caucasian,Male,under_45,Unknown,Unknown,South,0.8,144.5,96.0,3.65,89.0,98.0,21.0,29.0
3140159,439,0,African American,Male,over_65,Unknown,Unknown,South,1.7,138.5,235.5,3.65,85.0,97.0,19.0,103.0
3140305,433,0,African American,Male,45_65,Unknown,Unknown,South,1.2,144.0,113.0,4.0,71.0,98.0,29.0,
3140371,436,0,Caucasian,Male,over_65,Unknown,Unknown,South,1.9,141.0,127.0,3.6,64.0,95.0,20.0,40.0
3140489,433,0,African American,Male,45_65,Unknown,Unknown,South,1.3,137.0,102.0,4.3,,,,
3140490,433,0,African American,Male,45_65,Unknown,Unknown,South,1.4,142.0,131.5,4.449999999999999,83.0,98.0,18.0,28.0
3140613,436,0,Caucasian,Male,45_65,Unknown,Unknown,South,1.6,140.5,126.5,3.95,60.0,96.0,18.0,24.0
3141080,435,0,African American,Male,over_65,Unknown,Unknown,South,1.665,129.0,165.0,3.4,96.0,91.0,20.0,78.0
3141811,434,0,Caucasian,Female,45_65,Unknown,Unknown,South,0.835,142.5,101.0,3.7,98.0,95.0,19.0,36.0
3142431,435,0,Caucasian,Male,45_65,Unknown,Unknown,South,1.25,124.0,135.0,4.5,132.0,98.0,20.0,73.0
3142457,429,0,Caucasian,Male,under_45,Unknown,Unknown,South,0.7,135.0,199.0,3.3,97.0,98.0,19.0,31.0
3142620,436,0,Caucasian,Male,under_45,Unknown,Unknown,South,1.1,142.0,153.0,3.6,105.0,100.0,18.0,30.0
3142795,429,1,Caucasian,Male,over_65,Unknown,Unknown,South,0.8999999999999999,144.5,120.5,3.4,115.0,97.0,23.0,103.0
3142851,440,0,Caucasian,Male,45_65,Unknown,Unknown,South,0.9,141.0,111.0,4.1,80.0,95.0,9.0,49.0
3142950,436,0,Caucasian,Female,45_65,Unknown,Unknown,South,0.6,139.5,102.5,3.75,87.0,97.0,17.0,43.0
3143011,434,0,Caucasian,Male,over_65,Unknown,Unknown,South,0.6,137.0,114.0,4.0,98.0,98.0,14.0,34.0
3143195,438,0,Caucasian,Male,45_65,Unknown,Unknown,South,0.7,141.0,108.0,3.4,116.0,95.0,22.0,49.0
3143234,433,0,Caucasian,Female,45_65,Unknown,Unknown,South,0.6499999999999999,139.5,100.0,3.9,101.0,97.0,18.0,
3143360,437,0,Caucasian,Male,45_65,Unknown,Unknown,South,2.0,140.0,106.0,3.6,59.0,99.0,14.0,
3144143,429,0,Caucasian,Female,under_45,Unknown,Unknown,South,1.2,139.0,166.0,3.8,98.0,97.0,19.0,40.0
3144334,437,1,African American,Male,over_65,Unknown,Unknown,South,7.7,137.0,98.0,4.0,85.0,99.0,15.0,39.0
3144615,437,1,African American,Male,45_65,Unknown,Unknown,South,2.4,132.0,181.0,6.5,83.0,53.5,21.0,
3144745,439,0,African American,Male,45_65,Unknown,Unknown,South,1.5,135.5,386.5,3.25,79.0,97.0,8.0,-1.0
3144842,437,0,Caucasian,Female,45_65,Unknown,Unknown,South,2.0,133.0,140.0,5.5,72.0,97.0,16.0,
3145340,429,0,Caucasian,Male,under_45,Unknown,Unknown,South,1.0,130.5,229.0,4.1,103.0,98.0,17.0,35.0
3145378,429,0,Caucasian,Male,over_65,Unknown,Unknown,South,2.2,145.0,161.0,4.2,129.0,99.0,25.0,50.0
3145787,428,0,Caucasian,Male,over_65,Unknown,Unknown,South,0.3,138.0,140.5,4.2,80.0,97.0,23.0,-1.0
3146265,438,0,Caucasian,Female,over_65,Unknown,Unknown,South,0.5,136.0,98.0,3.6,82.0,96.0,20.0,
3146276,434,0,Caucasian,Female,45_65,Unknown,Unknown,South,1.1,136.0,119.0,4.9,,,,
3146464,440,0,Caucasian,Male,45_65,Unknown,Unknown,South,0.9,142.0,135.0,3.7,65.0,96.0,19.0,
3146987,435,0,Hispanic,Male,over_65,Unknown,Unknown,South,0.595,142.0,138.0,3.8,92.0,100.0,13.0,103.0
3148216,435,0,Caucasian,Male,45_65,Unknown,Unknown,South,0.97,128.0,109.0,4.4,74.0,96.0,18.0,33.0
3148232,429,0,Caucasian,Male,under_45,Unknown,Unknown,South,1.1,136.0,227.0,3.8,91.0,98.0,18.0,31.0
3148506,435,0,Caucasian,Male,45_65,Unknown,Unknown,South,0.68,138.0,127.0,4.0,80.0,97.0,17.0,68.0
3148582,439,0,Caucasian,Male,over_65,Unknown,Unknown,South,1.6,135.0,154.0,4.0,82.0,96.0,17.0,90.0
3148909,435,0,Caucasian,Male,45_65,Unknown,Unknown,South,0.79,136.0,114.0,3.9,84.0,98.0,15.0,37.0
3148997,438,0,Caucasian,Male,over_65,Unknown,Unknown,South,1.25,146.0,120.5,3.45,92.0,97.0,16.0,86.0
3149046,436,0,Caucasian,Female,over_65,Unknown,Unknown,South,1.3,148.0,115.0,4.2,79.0,96.0,22.0,55.0
3149078,433,0,Caucasian,Male,45_65,Unknown,Unknown,South,1.1,140.0,119.0,3.6,81.0,97.0,14.0,35.0
3149424,436,1,Caucasian,Female,45_65,Unknown,Unknown,South,1.6,135.5,250.0,7.2,87.5,100.0,18.0,73.0
3149587,436,0,Caucasian,Male,under_45,Unknown,Unknown,South,1.0,140.0,94.0,4.0,104.0,95.0,21.0,47.0
3149953,429,0,Caucasian,Female,over_65,Unknown,Unknown,South,0.8,141.0,95.0,3.4,72.0,98.0,19.0,74.0
3150018,438,0,Caucasian,Male,over_65,Unknown,Unknown,South,0.7,144.5,101.5,3.7,75.0,95.0,15.0,49.0
3150025,434,0,Caucasian,Male,over_65,Unknown,Unknown,South,1.2,145.0,103.0,4.4,84.0,97.0,27.0,78.0
3150352,440,0,Caucasian,Male,over_65,Unknown,Unknown,South,0.9,145.0,96.0,3.9,89.0,97.0,21.0,-1.0
3150353,440,0,Caucasian,Male,over_65,Unknown,Unknown,South,,,,,90.0,95.0,28.0,
3150608,440,0,Caucasian,Male,45_65,Unknown,Unknown,South,0.8,138.5,143.5,4.199999999999999,81.0,93.0,29.0,41.0
3150622,440,1,Caucasian,Male,over_65,Unknown,Unknown,South,1.95,146.5,352.0,3.95,76.0,87.0,0.0,
3150970,433,0,Caucasian,Female,under_45,Unknown,Unknown,South,0.7,140.0,137.0,3.7,93.0,99.0,18.0,41.0
3151670,428,0,Other/Unknown,Female,under_45,Unknown,Unknown,South,0.3,142.5,86.5,3.25,78.0,97.0,20.0,-1.0
3151889,435,1,Caucasian,Male,45_65,Unknown,Unknown,South,,,,,115.0,74.0,20.5,
3151890,435,1,Caucasian,Male,45_65,Unknown,Unknown,South,0.7749999999999999,136.5,118.0,3.5,90.0,92.0,17.0,48.0
3152607,428,0,Caucasian,Male,over_65,Unknown,Unknown,South,1.0,134.0,100.0,4.3,108.0,96.0,25.0,-1.0
3152675,434,0,Caucasian,Female,45_65,Unknown,Unknown,South,1.16,143.0,111.0,4.6,70.0,95.0,18.0,34.0
3152779,435,0,Caucasian,Male,over_65,Unknown,Unknown,South,0.74,137.0,143.0,4.1,81.0,100.0,19.0,47.0
3153171,435,0,Caucasian,Male,over_65,Unknown,Unknown,South,1.525,140.0,111.5,3.85,72.0,99.0,21.0,68.0
3153393,433,0,Caucasian,Female,45_65,Unknown,Unknown,South,2.6,136.0,188.0,3.9,98.0,92.0,32.0,
3153672,440,0,Caucasian,Male,over_65,Unknown,Unknown,South,1.1,148.0,130.0,4.4,80.0,98.0,0.0,42.0
3153894,435,0,Caucasian,Male,over_65,Unknown,Unknown,South,0.81,139.0,135.0,3.7,70.0,100.0,16.0,63.0
3154267,429,0,Caucasian,Female,under_45,Unknown,Unknown,South,0.8,142.0,97.5,4.15,99.0,98.0,14.0,52.0
3154460,428,0,African American,Male,45_65,Unknown,Unknown,South,3.4,137.5,90.5,4.7,60.0,99.0,18.0,59.0
3154481,436,0,Caucasian,Male,over_65,Unknown,Unknown,South,1.5,141.5,109.5,3.6,79.0,94.0,20.0,23.0
3154626,433,0,Caucasian,Male,over_65,Unknown,Unknown,South,1.05,143.5,228.5,3.95,56.0,96.0,18.0,56.0
3155276,438,0,Caucasian,Male,over_65,Unknown,Unknown,South,0.7,128.0,88.0,3.6,63.0,96.0,13.0,62.0
3155299,429,0,Caucasian,Female,under_45,Unknown,Unknown,South,0.9,141.0,119.0,3.6,89.0,98.0,17.0,18.0
3155533,439,1,Caucasian,Male,over_65,Unknown,Unknown,South,1.1,139.0,147.0,3.7,103.0,94.0,16.0,75.0
3155534,439,1,Caucasian,Male,over_65,Unknown,Unknown,South,1.55,136.5,89.0,5.05,106.0,92.0,22.0,101.0
3155594,440,0,Caucasian,Male,45_65,Unknown,Unknown,South,1.1,140.5,111.0,4.35,60.0,95.0,4.0,
3155694,440,0,Caucasian,Male,over_65,Unknown,Unknown,South,,,,,57.0,97.0,7.0,45.0
3155988,439,0,Caucasian,Female,under_45,Unknown,Unknown,South,0.95,140.0,105.5,4.4,82.0,99.0,27.0,26.0
3156122,434,0,Caucasian,Female,45_65,Unknown,Unknown,South,0.955,140.5,91.5,4.9,60.0,96.0,19.0,26.0
3156825,434,0,Caucasian,Male,45_65,Unknown,Unknown,South,2.07,141.0,72.0,4.0,,,,
3156990,428,0,African American,Male,45_65,Unknown,Unknown,South,1.0,142.0,323.0,4.6,102.0,98.0,13.0,-1.0
3157219,440,0,African American,Female,under_45,Unknown,Unknown,South,1.8,147.0,133.0,4.6,116.0,92.0,0.0,152.0
3157608,433,0,Caucasian,Male,under_45,Unknown,Unknown,South,1.25,143.5,120.5,3.45,98.0,97.0,24.0,49.0
3157676,434,0,Caucasian,Male,45_65,Unknown,Unknown,South,0.92,141.0,162.0,4.7,80.0,96.0,24.0,38.0
3157896,435,0,African American,Male,under_45,Unknown,Unknown,South,1.04,134.0,281.0,3.9,91.0,100.0,19.0,57.0
3157910,429,0,Caucasian,Male,45_65,Unknown,Unknown,South,0.7,135.0,105.0,4.2,96.0,97.0,18.0,62.0
3158501,434,0,Caucasian,Male,45_65,Unknown,Unknown,South,0.5549999999999999,141.0,150.0,3.45,74.0,94.0,14.0,45.0
3158680,438,0,Caucasian,Male,45_65,Unknown,Unknown,South,0.6499999999999999,142.0,140.0,4.4,62.0,96.0,15.0,-1.0
3158919,436,0,Caucasian,Male,over_65,Unknown,Unknown,South,3.8,144.0,102.0,6.1,96.0,98.0,20.0,140.0
3159124,439,0,Caucasian,Male,over_65,Unknown,Unknown,South,1.2,140.0,110.0,3.3,64.0,97.0,16.0,70.0
3159396,437,0,Other/Unknown,Male,45_65,Unknown,Unknown,South,4.7,136.0,101.0,3.5,78.0,97.0,24.0,144.0
3159526,433,1,Caucasian,Male,45_65,Unknown,Unknown,South,1.17,148.0,129.0,4.1,77.0,98.0,22.0,52.0
3159558,437,0,African American,Female,45_65,Unknown,Unknown,South,0.8,135.5,104.0,3.95,68.0,100.0,17.0,35.0
3159826,438,0,Caucasian,Male,over_65,Unknown,Unknown,South,1.3,144.0,132.0,3.35,96.0,95.0,17.0,71.0
3160233,428,0,Caucasian,Male,45_65,Unknown,Unknown,South,3.05,138.0,133.0,4.4,78.0,97.0,19.0,-1.0
3160254,434,0,Caucasian,Male,45_65,Unknown,Unknown,South,0.875,138.0,102.0,4.05,104.0,98.5,17.0,38.0
3160363,429,0,Caucasian,Female,under_45,Unknown,Unknown,South,0.8500000000000001,137.0,106.0,3.7,97.0,99.0,17.0,36.0
3160468,438,0,Caucasian,Male,under_45,Unknown,Unknown,South,1.15,136.0,91.5,3.45,62.0,95.0,22.0,30.0
3163046,443,0,African American,Male,45_65,Unknown,Unknown,South,2.27,141.5,102.0,5.0,96.0,100.0,18.0,61.0
3163372,443,0,African American,Male,45_65,Unknown,Unknown,South,1.13,139.0,117.0,4.8,,,,51.0
3163373,443,0,African American,Male,45_65,Unknown,Unknown,South,1.025,135.0,98.0,4.0,70.0,100.0,18.0,74.0
3163374,443,0,African American,Male,45_65,Unknown,Unknown,South,1.02,136.0,110.0,4.65,69.0,99.0,23.0,39.0
3170528,443,0,Caucasian,Female,over_65,Unknown,Unknown,South,0.575,137.0,108.5,3.65,,,,30.0
3172946,443,0,African American,Male,45_65,Unknown,Unknown,South,2.09,128.0,241.0,4.5,115.0,97.0,19.0,73.0
3173599,443,0,African American,Female,over_65,Unknown,Unknown,South,1.515,136.0,125.5,3.6,65.0,98.0,21.0,36.0
3177225,443,0,African American,Female,45_65,Unknown,Unknown,South,1.415,140.5,109.0,4.15,87.0,100.0,19.0,38.0
3178242,443,0,Caucasian,Male,under_45,Unknown,Unknown,South,0.42,137.0,99.0,4.4,106.0,98.0,27.0,80.0
3183245,443,0,African American,Female,under_45,Unknown,Unknown,South,0.68,139.0,102.0,3.4,91.0,97.0,22.0,56.0
3185495,443,0,African American,Male,45_65,Unknown,Unknown,South,5.11,136.0,89.0,4.4,108.0,100.0,20.0,114.0
3186183,443,0,African American,Female,over_65,Unknown,Unknown,South,0.72,143.0,117.0,3.5,99.0,99.0,20.0,73.0
3193216,443,0,African American,Female,over_65,Unknown,Unknown,South,0.8799999999999999,138.0,149.5,4.0,64.0,100.0,17.0,36.0
3194733,443,0,African American,Male,45_65,Unknown,Unknown,South,6.825,137.0,99.0,4.85,70.0,100.0,14.0,97.0
3199448,443,1,African American,Male,45_65,Unknown,Unknown,South,1.315,137.0,129.0,3.8,53.0,100.0,19.0,
3199449,443,1,African American,Male,45_65,Unknown,Unknown,South,1.34,136.0,100.5,3.9,62.0,100.0,12.0,
3204052,444,1,Caucasian,Male,45_65,Unknown,Unknown,Midwest,1.63,133.0,318.0,3.9,91.0,83.0,,144.0
3205101,449,0,Caucasian,Male,over_65,Unknown,Unknown,Midwest,0.55,146.0,97.0,3.8,93.0,98.0,19.0,90.0
3205786,449,0,Caucasian,Male,45_65,Unknown,Unknown,Midwest,0.975,140.0,140.0,4.8,77.0,97.0,15.0,35.0
3206460,445,0,Hispanic,Male,under_45,Unknown,Unknown,Midwest,0.66,135.0,260.0,4.2,108.0,96.0,25.0,26.0
3207230,444,0,Caucasian,Male,over_65,Unknown,Unknown,Midwest,1.015,126.5,141.0,4.7,60.0,99.0,19.0,66.0
3207237,445,0,Caucasian,Female,over_65,Unknown,Unknown,Midwest,0.44,133.0,104.0,3.1500000000000004,97.5,100.0,21.0,55.0
3207238,445,0,Caucasian,Female,over_65,Unknown,Unknown,Midwest,0.37,133.0,102.0,3.45,92.0,97.0,28.0,62.0
3208300,445,0,Caucasian,Male,over_65,Unknown,Unknown,Midwest,0.92,137.0,98.5,4.5,68.5,95.0,22.0,47.0
3208830,445,0,Caucasian,Male,over_65,Unknown,Unknown,Midwest,0.93,144.0,196.0,3.55,80.0,97.0,,56.0
3210585,444,0,Caucasian,Female,over_65,Unknown,Unknown,Midwest,1.16,129.0,109.0,4.3,98.0,95.5,24.0,40.0
3211257,444,0,Caucasian,Male,45_65,Unknown,Unknown,Midwest,0.63,136.0,114.0,3.5,82.0,97.0,18.0,67.0
3211766,452,1,Caucasian,Male,over_65,Unknown,Unknown,Midwest,2.4,135.0,150.0,4.5,109.0,89.0,25.0,112.0
3212957,449,0,Caucasian,Male,over_65,Unknown,Unknown,Midwest,0.66,142.0,113.0,3.8,79.0,95.0,23.0,47.0
3214193,445,0,Caucasian,Male,under_45,Unknown,Unknown,Midwest,0.91,143.0,116.0,3.7,77.0,96.0,18.0,51.0
3214314,452,0,Caucasian,Male,over_65,Unknown,Unknown,Midwest,1.4,135.0,109.5,4.5,48.0,93.0,24.0,63.0
3216824,452,0,Caucasian,Male,over_65,Unknown,Unknown,Midwest,1.65,136.0,202.0,4.4,93.0,96.0,28.0,82.0
3216931,452,1,Caucasian,Male,over_65,Unknown,Unknown,Midwest,0.7,137.0,114.5,3.5,84.0,94.0,31.0,35.0
3220742,449,0,Caucasian,Male,over_65,Unknown,Unknown,Midwest,0.9,141.0,163.0,4.1,96.0,97.0,26.0,43.0
3223097,444,0,Caucasian,Male,over_65,Unknown,Unknown,Midwest,1.51,126.0,142.0,4.9,60.0,100.0,19.0,88.0
3223634,452,0,Caucasian,Male,over_65,Unknown,Unknown,Midwest,1.5,136.5,133.5,3.7,59.0,95.0,20.0,40.0
3225577,449,0,Caucasian,Male,over_65,Unknown,Unknown,Midwest,0.4649999999999999,131.5,142.0,4.25,62.0,98.0,15.0,57.0
3225620,452,0,Caucasian,Male,over_65,Unknown,Unknown,Midwest,1.0,138.5,129.0,3.7,118.0,100.0,19.0,67.0
3225660,452,0,Caucasian,Male,over_65,Unknown,Unknown,Midwest,1.7,135.0,154.0,4.2,82.5,95.0,32.0,56.0
3225692,452,1,Caucasian,Male,over_65,Unknown,Unknown,Midwest,0.8,133.5,139.0,3.6,90.0,94.0,26.0,59.0
3230480,449,0,Caucasian,Male,45_65,Unknown,Unknown,Midwest,0.765,145.5,117.0,3.85,88.0,100.0,17.0,46.0
3230503,444,0,Caucasian,Male,over_65,Unknown,Unknown,Midwest,1.16,129.0,124.0,4.6,60.0,99.0,20.0,56.0
3231363,452,0,Caucasian,Male,over_65,Unknown,Unknown,Midwest,1.1,137.0,120.0,3.5,112.5,94.0,23.0,62.0
3233306,449,1,Caucasian,Male,over_65,Unknown,Unknown,Midwest,3.05,132.0,82.0,4.9,88.0,95.0,30.0,147.0
3233620,444,0,Caucasian,Male,over_65,Unknown,Unknown,Midwest,0.995,134.0,110.0,4.5,100.0,95.0,17.0,50.0
3233997,449,1,Caucasian,Male,45_65,Unknown,Unknown,Midwest,3.085,144.0,143.0,4.9,86.0,100.0,12.0,112.0
3235765,445,0,Caucasian,Female,over_65,Unknown,Unknown,Midwest,0.605,140.5,91.0,3.45,86.0,98.0,25.0,43.0
3237226,445,0,Caucasian,Female,45_65,Unknown,Unknown,Midwest,0.5,138.0,98.0,3.7,95.5,99.0,27.0,64.0
3237333,452,0,Caucasian,Male,over_65,Unknown,Unknown,Midwest,1.3,137.0,112.0,4.1,97.0,95.0,24.0,85.0
3237558,449,0,Caucasian,Male,over_65,Unknown,Unknown,Midwest,0.7050000000000001,144.0,118.5,3.85,75.0,100.0,15.0,59.0
3238529,444,0,Caucasian,Male,over_65,Unknown,Unknown,Midwest,1.43,128.0,130.0,5.4,60.0,98.0,18.0,69.0
3238816,445,0,Hispanic,Male,under_45,Unknown,Unknown,Midwest,0.8200000000000001,138.0,291.5,3.95,122.0,97.0,24.0,46.0
3239262,445,1,Caucasian,Male,over_65,Unknown,Unknown,Midwest,2.34,145.0,126.0,4.0,92.0,99.0,20.0,107.0
3239375,444,0,Caucasian,Male,over_65,Unknown,Unknown,Midwest,1.31,136.0,100.0,4.65,89.0,95.0,15.0,34.0
3241571,444,0,Caucasian,Male,over_65,Unknown,Unknown,Midwest,1.1,135.5,106.5,3.75,79.0,95.0,19.0,45.0
3242157,444,0,Caucasian,Male,45_65,Unknown,Unknown,Midwest,0.855,137.0,97.5,3.7,63.0,96.0,21.0,68.0
3242308,444,0,Caucasian,Male,over_65,Unknown,Unknown,Midwest,1.165,131.0,136.0,4.25,60.0,100.0,15.0,63.0
3242309,444,0,Caucasian,Male,over_65,Unknown,Unknown,Midwest,1.25,131.5,155.5,5.05,60.0,100.0,19.0,66.0
3243205,445,0,African American,Female,over_65,Unknown,Unknown,Midwest,1.365,149.0,167.0,3.75,76.0,98.0,21.0,63.0
3244585,444,0,African American,Male,over_65,Unknown,Unknown,Midwest,1.33,138.5,86.0,3.7,62.0,96.0,15.0,43.0
3245076,445,0,Caucasian,Female,over_65,Unknown,Unknown,Midwest,0.605,131.0,92.5,3.9,62.0,100.0,16.0,51.0
3246445,449,0,Caucasian,Male,over_65,Unknown,Unknown,Midwest,0.74,143.0,112.0,3.9,66.0,98.0,11.0,36.0
3246790,444,0,Caucasian,Male,over_65,Unknown,Unknown,Midwest,5.16,135.0,180.0,3.8,77.0,97.0,18.0,61.0
3327376,458,0,Caucasian,Male,45_65,Unknown,Unknown,South,1.18,137.0,80.0,3.8,118.0,99.0,24.0,80.0
3329305,459,0,Caucasian,Male,over_65,Unknown,Unknown,South,1.35,138.0,111.0,4.0,87.0,98.0,21.0,69.0
3331430,459,0,Caucasian,Male,45_65,Unknown,Unknown,South,0.78,133.0,99.0,3.7,81.0,98.0,22.0,
3333068,458,0,Caucasian,Male,over_65,Unknown,Unknown,South,,,,,69.0,100.0,16.0,58.0
3333069,458,0,Caucasian,Male,over_65,Unknown,Unknown,South,1.38,137.0,108.0,3.8,69.0,98.0,19.0,92.0
3334456,458,0,Caucasian,Male,45_65,Unknown,Unknown,South,1.09,137.0,122.0,4.2,68.0,96.0,23.0,41.0
3334564,458,0,Caucasian,Male,45_65,Unknown,Unknown,South,0.935,136.0,121.0,4.2,83.0,99.0,16.0,47.0
3335354,459,1,Caucasian,Male,over_65,Unknown,Unknown,South,1.66,131.0,164.0,5.3,97.0,94.5,22.0,74.0
3335380,459,0,Caucasian,Female,over_65,Unknown,Unknown,South,0.6,137.0,110.0,4.0,70.0,97.0,15.0,35.0
3335781,459,0,Caucasian,Male,over_65,Unknown,Unknown,South,,,,,,,,
3335782,459,0,Caucasian,Male,over_65,Unknown,Unknown,South,1.08,132.0,89.0,4.4,56.0,100.0,14.0,44.0
3335783,459,0,Caucasian,Male,over_65,Unknown,Unknown,South,,,,,,,,
3339079,459,0,Caucasian,Male,over_65,Unknown,Unknown,South,0.77,135.0,124.5,3.85,93.0,98.0,15.0,47.0
3341035,458,0,Caucasian,Male,over_65,Unknown,Unknown,South,1.06,138.0,123.5,3.95,85.0,95.0,18.0,38.0
3341168,459,0,African American,Male,45_65,Unknown,Unknown,South,3.095,139.0,92.0,4.2,91.0,96.0,32.0,87.0
3343295,458,0,African American,Male,45_65,Unknown,Unknown,South,1.015,134.5,110.0,4.8,100.0,97.0,22.0,45.0
3344942,459,0,Caucasian,Female,45_65,Unknown,Unknown,South,1.305,141.0,91.5,4.1,89.0,97.0,19.0,70.0
3344943,459,0,Caucasian,Female,45_65,Unknown,Unknown,South,0.83,141.0,111.0,3.8,107.0,96.0,16.0,61.0
3344944,459,0,Caucasian,Female,45_65,Unknown,Unknown,South,0.73,138.0,126.0,3.6,108.0,98.0,22.0,72.0
3344945,459,0,Caucasian,Female,45_65,Unknown,Unknown,South,1.25,139.0,81.0,4.0,70.0,100.0,16.0,39.0
3345634,458,0,African American,Male,45_65,Unknown,Unknown,South,1.11,135.0,94.0,3.9,97.0,97.0,27.0,59.0
3346187,458,0,Caucasian,Male,45_65,Unknown,Unknown,South,1.01,138.0,107.0,4.0,85.0,95.0,24.0,31.0
3346866,458,0,Caucasian,Male,45_65,Unknown,Unknown,South,0.38,138.5,127.5,3.8,97.0,94.0,24.0,57.0
3347501,458,0,Caucasian,Male,over_65,Unknown,Unknown,South,4.19,137.0,97.0,4.2,69.0,96.0,21.0,
3347502,458,0,Caucasian,Male,over_65,Unknown,Unknown,South,4.05,134.0,97.0,4.3,69.0,96.0,33.0,
3348292,459,0,Caucasian,Female,over_65,Unknown,Unknown,South,1.08,134.0,143.5,3.5,89.0,96.0,19.0,79.0
3348293,459,0,Caucasian,Female,over_65,Unknown,Unknown,South,0.775,131.0,127.5,3.8,97.0,97.0,25.0,65.0
3348409,459,0,African American,Male,over_65,Unknown,Unknown,South,0.8,138.0,170.5,3.7,84.0,98.0,21.0,43.0
3351295,458,0,African American,Male,45_65,Unknown,Unknown,South,0.92,138.0,117.0,4.15,87.0,100.0,18.0,42.0
3351296,458,0,African American,Male,45_65,Unknown,Unknown,South,,,,,,,,
3351297,458,0,African American,Male,45_65,Unknown,Unknown,South,0.93,137.0,98.0,4.2,53.0,100.0,22.0,28.0
3351763,459,0,Caucasian,Female,45_65,Unknown,Unknown,South,0.74,136.0,123.5,3.9,110.0,95.0,30.0,98.0
3352230,458,0,African American,Male,under_45,Unknown,Unknown,South,1.19,136.5,116.5,4.1,87.0,98.0,14.0,46.0
3352231,458,0,African American,Male,under_45,Unknown,Unknown,South,1.42,136.0,117.0,4.2,62.0,95.0,22.0,24.0
3352333,458,0,Caucasian,Male,over_65,Unknown,Unknown,South,0.97,138.0,122.0,3.7,118.0,96.0,37.0,
3353113,459,0,Caucasian,Male,45_65,Unknown,Unknown,South,0.7,135.0,82.0,3.65,64.0,97.0,19.0,32.0
